абсолютный: 48
абстрагироваться: 40
абстрактный: 29
аватар: 81
авг: 34, 35, 36, 37, 38, 39, 40, 41, 42, 43, 44, 45, 46, 47, 48, 49, 50, 51, 52, 53, 54, 55, 56, 57, 58, 59, 60, 61, 62, 63, 64, 65, 66, 67, 68, 69
автоматически: 36, 48
автор: 1, 10, 100, 11, 12, 13, 14, 15, 16, 17, 18, 19, 2, 20, 21, 22, 23, 24, 25, 26, 27, 28, 29, 3, 30, 31, 32, 33, 34, 35, 36, 37, 38, 39, 4, 40, 41, 42, 43, 44, 45, 46, 47, 48, 49, 5, 50, 51, 52, 53, 54, 55, 56, 57, 58, 59, 6, 60, 61, 62, 63, 64, 65, 66, 67, 68, 69, 7, 70, 71, 72, 73, 74, 75, 76, 77, 78, 79, 8, 80, 81, 82, 83, 84, 85, 86, 87, 88, 89, 9, 90, 91, 92, 93, 94, 95, 96, 97, 98, 99
авторитетный: 33, 52
агентство: 3
адекватный: 28, 40
администрирование: 1, 10, 100, 11, 12, 13, 14, 15, 16, 17, 18, 19, 2, 20, 21, 22, 23, 24, 25, 26, 27, 28, 29, 3, 30, 31, 32, 33, 34, 35, 36, 37, 38, 39, 4, 40, 41, 42, 43, 44, 45, 46, 47, 48, 49, 5, 50, 51, 52, 53, 54, 55, 56, 57, 58, 59, 6, 60, 61, 62, 63, 64, 65, 66, 67, 68, 69, 7, 70, 71, 72, 73, 74, 75, 76, 77, 78, 79, 8, 80, 81, 82, 83, 84, 85, 86, 87, 88, 89, 9, 90, 91, 92, 93, 94, 95, 96, 97, 98, 99
адрес: 5, 78, 79
адресный: 43
азиат: 86
азия: 86
айти: 1, 10, 100, 11, 12, 13, 14, 15, 16, 17, 18, 19, 2, 20, 21, 22, 23, 24, 25, 26, 27, 28, 29, 3, 30, 31, 32, 33, 34, 35, 36, 37, 38, 39, 4, 40, 41, 42, 43, 44, 45, 46, 47, 48, 49, 5, 50, 51, 52, 53, 54, 55, 56, 57, 58, 59, 6, 60, 61, 62, 63, 64, 65, 66, 67, 68, 69, 7, 70, 71, 72, 73, 74, 75, 76, 77, 78, 79, 8, 80, 81, 82, 83, 84, 85, 86, 87, 88, 89, 9, 90, 91, 92, 93, 94, 95, 96, 97, 98, 99
акаунт: 67
аккаунт: 1, 10, 100, 11, 12, 13, 14, 15, 16, 17, 18, 19, 2, 20, 21, 22, 23, 24, 25, 26, 27, 28, 29, 3, 30, 31, 32, 33, 34, 35, 36, 37, 38, 39, 4, 40, 41, 42, 43, 44, 45, 46, 47, 48, 49, 5, 50, 51, 52, 53, 54, 55, 56, 57, 58, 59, 6, 60, 61, 62, 63, 64, 65, 66, 67, 68, 69, 7, 70, 71, 72, 73, 74, 75, 76, 77, 78, 79, 8, 80, 81, 82, 83, 84, 85, 86, 87, 88, 89, 9, 90, 91, 92, 93, 94, 95, 96, 97, 98, 99
аккуатный: 34
активно: 21, 56
активность: 22, 53
активный: 33, 53
акция: 48
александр: 12, 60, 80, 9
алексей: 38, 41, 42, 77, 79
алфавитный: 46
альтернативный: 40
американский: 34, 48
аналогичный: 4, 97
анатолий: 35, 36
англоязычный: 73
анимировать: 48
анонимный: 32
анонс: 4, 68, 91
антиспам: 93
антон: 31
апрель: 1, 10, 100, 11, 12, 13, 14, 15, 16, 17, 18, 19, 2, 20, 21, 22, 23, 24, 25, 26, 27, 28, 29, 3, 30, 31, 32, 33, 34, 35, 36, 37, 38, 39, 4, 40, 41, 42, 43, 44, 45, 46, 47, 48, 49, 5, 50, 51, 52, 53, 54, 55, 56, 57, 58, 59, 6, 60, 61, 62, 63, 64, 65, 66, 67, 68, 69, 7, 70, 71, 72, 73, 74, 75, 76, 77, 78, 79, 8, 80, 81, 82, 83, 84, 85, 86, 87, 88, 89, 9, 90, 91, 92, 93, 94, 95, 96, 97, 98, 99
аргумент: 73
арифметический: 53
армия: 48
арсений: 49
артём: 65
ассоциироваться: 48
атака: 48
атаковать: 48
аудио: 23, 55
аудиредактор: 23
аудитоия: 32
аудитория: 1, 10, 100, 11, 12, 13, 14, 15, 16, 17, 18, 19, 2, 20, 21, 22, 23, 24, 25, 26, 27, 28, 29, 3, 30, 31, 32, 33, 34, 35, 36, 37, 38, 39, 4, 40, 41, 42, 43, 44, 45, 46, 47, 48, 49, 5, 50, 51, 52, 53, 54, 55, 56, 57, 58, 59, 6, 60, 61, 62, 63, 64, 65, 66, 67, 68, 69, 7, 70, 71, 72, 73, 74, 75, 76, 77, 78, 79, 8, 80, 81, 82, 83, 84, 85, 86, 87, 88, 89, 9, 90, 91, 92, 93, 94, 95, 96, 97, 98, 99
аутентичность: 1, 10, 100, 11, 12, 13, 14, 15, 16, 17, 18, 19, 2, 20, 21, 22, 23, 24, 25, 26, 27, 28, 29, 3, 30, 31, 32, 33, 34, 35, 36, 37, 38, 39, 4, 40, 41, 42, 43, 44, 45, 46, 47, 48, 49, 5, 50, 51, 52, 53, 54, 55, 56, 57, 58, 59, 6, 60, 61, 62, 63, 64, 65, 66, 67, 68, 69, 7, 70, 71, 72, 73, 74, 75, 76, 77, 78, 79, 8, 80, 81, 82, 83, 84, 85, 86, 87, 88, 89, 9, 90, 91, 92, 93, 94, 95, 96, 97, 98, 99
афишировать: 100
ашманов: 24, 74
баг: 2, 60, 78, 80
база: 34, 54, 73
бакунов: 61, 74
бал: 78
баландин: 2, 7, 88, 93
балл: 74, 77
банально: 24
банальный: 76
бангкок: 57
баннер: 33, 34, 56, 60, 96
баннерный: 34
беглый: 34
бегун: 56, 73, 9, 96
беда: 65
безошибочный: 34
беларусь: 53
бережно: 24
бесконечный: 24
бесплатный: 1, 10, 100, 11, 12, 13, 14, 15, 16, 17, 18, 19, 2, 20, 21, 22, 23, 24, 25, 26, 27, 28, 29, 3, 30, 31, 32, 33, 34, 35, 36, 37, 38, 39, 4, 40, 41, 42, 43, 44, 45, 46, 47, 48, 49, 5, 50, 51, 52, 53, 54, 55, 56, 57, 58, 59, 6, 60, 61, 62, 63, 64, 65, 66, 67, 68, 69, 7, 70, 71, 72, 73, 74, 75, 76, 77, 78, 79, 8, 80, 81, 82, 83, 84, 85, 86, 87, 88, 89, 9, 90, 91, 92, 93, 94, 95, 96, 97, 98, 99
бесполезно: 34
бессмысленность: 77
бизнес: 1, 10, 100, 11, 12, 13, 14, 15, 16, 17, 18, 19, 2, 20, 21, 22, 23, 24, 25, 26, 27, 28, 29, 3, 30, 31, 32, 33, 34, 35, 36, 37, 38, 39, 4, 40, 41, 42, 43, 44, 45, 46, 47, 48, 49, 5, 50, 51, 52, 53, 54, 55, 56, 57, 58, 59, 6, 60, 61, 62, 63, 64, 65, 66, 67, 68, 69, 7, 70, 71, 72, 73, 74, 75, 76, 77, 78, 79, 8, 80, 81, 82, 83, 84, 85, 86, 87, 88, 89, 9, 90, 91, 92, 93, 94, 95, 96, 97, 98, 99
битый: 80
благополучие: 34
благополучный: 34
близкий: 1, 10, 100, 11, 12, 13, 14, 15, 16, 17, 18, 19, 2, 20, 21, 22, 23, 24, 25, 26, 27, 28, 29, 3, 30, 31, 32, 33, 34, 35, 36, 37, 38, 39, 4, 40, 41, 42, 43, 44, 45, 46, 47, 48, 49, 5, 50, 51, 52, 53, 54, 55, 56, 57, 58, 59, 6, 60, 61, 62, 63, 64, 65, 66, 67, 68, 69, 7, 70, 71, 72, 73, 74, 75, 76, 77, 78, 79, 8, 80, 81, 82, 83, 84, 85, 86, 87, 88, 89, 9, 90, 91, 92, 93, 94, 95, 96, 97, 98, 99
блистать: 66
блог: 1, 10, 100, 11, 12, 13, 14, 15, 16, 17, 18, 19, 2, 20, 21, 22, 23, 24, 25, 26, 27, 28, 29, 3, 30, 31, 32, 33, 34, 35, 36, 37, 38, 39, 4, 40, 41, 42, 43, 44, 45, 46, 47, 48, 49, 5, 50, 51, 52, 53, 54, 55, 56, 57, 58, 59, 6, 60, 61, 62, 63, 64, 65, 66, 67, 68, 69, 7, 70, 71, 72, 73, 74, 75, 76, 77, 78, 79, 8, 80, 81, 82, 83, 84, 85, 86, 87, 88, 89, 9, 90, 91, 92, 93, 94, 95, 96, 97, 98, 99
блоггинга: 23
блогер: 20, 24, 32, 4, 55
блогомаркетинг: 32, 33, 34
блогостратегия: 34
блогосфера: 30, 34
блокировать: 96
блокнотик: 73
бог: 99
более: 23, 30, 34, 36, 67, 70, 71, 74, 82, 97
болотовский: 96
боль: 55
больший: 20, 32, 44, 97
большой: 58
борьба: 54
бот: 48
бояться: 3
брайан: 30
брать: 62
браузер: 35, 40, 65
бремя: 99
бренд: 25, 33, 34, 9
брендинг: 29, 32, 33, 34
брендирование: 34
брендировать: 25, 34
бригада: 48
бродить: 64
броситься: 53, 78
будущее: 24, 90, 91
будущий: 34
буква: 38
буквально: 21, 96
буклет: 56
бумер: 34
бурмистров: 80
буря: 82
буш: 48
бывать: 64, 76
бывший: 80
быстро: 56
бытовой: 97
быть: 12, 14, 16, 23, 28, 29, 30, 34, 35, 36, 65, 66, 70, 71, 80, 90
бэйбить: 34
бюджет: 1, 10, 100, 11, 12, 13, 14, 15, 16, 17, 18, 19, 2, 20, 21, 22, 23, 24, 25, 26, 27, 28, 29, 3, 30, 31, 32, 33, 34, 35, 36, 37, 38, 39, 4, 40, 41, 42, 43, 44, 45, 46, 47, 48, 49, 5, 50, 51, 52, 53, 54, 55, 56, 57, 58, 59, 6, 60, 61, 62, 63, 64, 65, 66, 67, 68, 69, 7, 70, 71, 72, 73, 74, 75, 76, 77, 78, 79, 8, 80, 81, 82, 83, 84, 85, 86, 87, 88, 89, 9, 90, 91, 92, 93, 94, 95, 96, 97, 98, 99
вадим: 58, 59
важно: 74
важный: 32, 74
валериевич: 55
вариант: 14, 73, 77, 9
василий: 62
ваховский: 30
ваш: 1, 10, 100, 11, 12, 13, 14, 15, 16, 17, 18, 19, 2, 20, 21, 22, 23, 24, 25, 26, 27, 28, 29, 3, 30, 31, 32, 33, 34, 35, 36, 37, 38, 39, 4, 40, 41, 42, 43, 44, 45, 46, 47, 48, 49, 5, 50, 51, 52, 53, 54, 55, 56, 57, 58, 59, 6, 60, 61, 62, 63, 64, 65, 66, 67, 68, 69, 7, 70, 71, 72, 73, 74, 75, 76, 77, 78, 79, 8, 80, 81, 82, 83, 84, 85, 86, 87, 88, 89, 9, 90, 91, 92, 93, 94, 95, 96, 97, 98, 99
введение: 9
вверху: 60, 65
ввести: 30, 53, 54
ввид: 36
ввод: 55
вводный: 50
вдали: 29
вдохновить: 24, 27, 28, 37
веб: 30, 50, 56, 66, 73, 90, 99
вебальт: 73
вебинар: 1, 10, 100, 11, 12, 13, 14, 15, 16, 17, 18, 19, 2, 20, 21, 22, 23, 24, 25, 26, 27, 28, 29, 3, 30, 31, 32, 33, 34, 35, 36, 37, 38, 39, 4, 40, 41, 42, 43, 44, 45, 46, 47, 48, 49, 5, 50, 51, 52, 53, 54, 55, 56, 57, 58, 59, 6, 60, 61, 62, 63, 64, 65, 66, 67, 68, 69, 7, 70, 71, 72, 73, 74, 75, 76, 77, 78, 79, 8, 80, 81, 82, 83, 84, 85, 86, 87, 88, 89, 9, 90, 91, 92, 93, 94, 95, 96, 97, 98, 99
веблог: 83
вебмастер: 39
вебстраница: 50
вебстраничка: 40
вебсёрфер: 46
ведомость: 3
ведущий: 56
везде: 74
великий: 9
величина: 74
величко: 12, 9
верно: 21
вероятно: 11
вероятность: 36
версия: 82
вес: 75
весело: 73
весомый: 73
весь: 1, 10, 100, 11, 12, 13, 15, 17, 18, 19, 2, 20, 21, 22, 23, 24, 25, 26, 27, 28, 29, 3, 30, 32, 34, 35, 36, 39, 4, 40, 44, 45, 46, 49, 50, 51, 52, 53, 54, 55, 56, 57, 58, 59, 60, 61, 62, 63, 64, 65, 66, 67, 68, 69, 7, 70, 71, 72, 73, 74, 75, 76, 77, 78, 79, 8, 80, 81, 82, 83, 84, 85, 86, 87, 88, 89, 9, 90, 91, 92, 93, 94, 95, 96, 97, 98, 99
весьма: 78, 96
вещь: 23, 34, 40, 46, 48, 55, 9
взаимотребленный: 55
взамен: 34
взгляд: 29, 33, 35
взрослеть: 32
взрослый: 30, 32, 80
взрыв: 48
вид: 34, 36, 38, 77
видео: 34, 55
видеоигра: 30
видеосюжет: 34
видеотехника: 97
видеть: 53, 55, 77
видимо: 82, 88
видно: 80
видный: 91, 99
википедия: 14
виноватый: 46
виртуальный: 48
вирусный: 34, 38
висеть: 100
включать: 97
включая: 33
включить: 5
вкратце: 42
владелец: 32, 73
владеть: 100
владивосток: 53
владислав: 14, 16, 17, 20, 21
влево: 1, 10, 100, 11, 12, 13, 14, 15, 16, 17, 18, 19, 2, 20, 21, 22, 23, 24, 25, 26, 27, 28, 29, 3, 30, 31, 32, 33, 34, 35, 36, 37, 38, 39, 4, 40, 41, 42, 43, 44, 45, 46, 47, 48, 49, 5, 50, 51, 52, 53, 54, 55, 56, 57, 58, 59, 6, 60, 61, 62, 63, 64, 65, 66, 67, 68, 69, 7, 70, 71, 72, 73, 74, 75, 76, 77, 78, 79, 8, 80, 81, 82, 83, 84, 85, 86, 87, 88, 89, 9, 90, 91, 92, 93, 94, 95, 96, 97, 98, 99
влияние: 94
влиять: 74
вместе: 19, 34, 85
вместо: 32, 35
внедрение: 50, 55
внедряемость: 50
внешний: 24
внизу: 68
внимание: 1, 10, 100, 11, 12, 13, 14, 15, 16, 17, 18, 19, 2, 20, 21, 22, 23, 24, 25, 26, 27, 28, 29, 3, 30, 31, 32, 33, 34, 35, 36, 37, 38, 39, 4, 40, 41, 42, 43, 44, 45, 46, 47, 48, 49, 5, 50, 51, 52, 53, 54, 55, 56, 57, 58, 59, 6, 60, 61, 62, 63, 64, 65, 66, 67, 68, 69, 7, 70, 71, 72, 73, 74, 75, 76, 77, 78, 79, 8, 80, 81, 82, 83, 84, 85, 86, 87, 88, 89, 9, 90, 91, 92, 93, 94, 95, 96, 97, 98, 99
внутренний: 55, 93
внутри: 34
вобщий: 52
вовремя: 55
вовсе: 22, 86
воздействие: 33
возможно: 23, 25, 5, 67, 68, 78
возможность: 20, 23, 34, 4, 48, 67, 76, 99
возможный: 82
возникать: 40, 9
возникнуть: 53, 82
войти: 1, 10, 100, 11, 12, 13, 14, 15, 16, 17, 18, 19, 2, 20, 21, 22, 23, 24, 25, 26, 27, 28, 29, 3, 30, 31, 32, 33, 34, 35, 36, 37, 38, 39, 4, 40, 41, 42, 43, 44, 45, 46, 47, 48, 49, 5, 50, 51, 52, 53, 54, 55, 56, 57, 58, 59, 6, 60, 61, 62, 63, 64, 65, 66, 67, 68, 69, 7, 70, 71, 72, 73, 74, 75, 76, 77, 78, 79, 8, 80, 81, 82, 83, 84, 85, 86, 87, 88, 89, 9, 90, 91, 92, 93, 94, 95, 96, 97, 98, 99
волгоград: 53
волож: 89
волшебный: 99
вообще: 32, 93
вообщий: 35, 36
воплощение: 34
вопрос: 1, 2, 23, 24, 25, 27, 29, 33, 35, 39, 40, 46, 55, 56, 62, 69, 73, 81, 9
воскресение: 87
воспользоваться: 28
воспринимать: 35
восстановить: 41
восстановление: 41
востребовать: 97
восхищаться: 34
впервые: 56
впечатляющий: 91
вполне: 38, 46, 48, 73
вправо: 1, 10, 100, 11, 12, 13, 14, 15, 16, 17, 18, 19, 2, 20, 21, 22, 23, 24, 25, 26, 27, 28, 29, 3, 30, 31, 32, 33, 34, 35, 36, 37, 38, 39, 4, 40, 41, 42, 43, 44, 45, 46, 47, 48, 49, 5, 50, 51, 52, 53, 54, 55, 56, 57, 58, 59, 6, 60, 61, 62, 63, 64, 65, 66, 67, 68, 69, 7, 70, 71, 72, 73, 74, 75, 76, 77, 78, 79, 8, 80, 81, 82, 83, 84, 85, 86, 87, 88, 89, 9, 90, 91, 92, 93, 94, 95, 96, 97, 98, 99
впрочем: 74
впрямую: 46
вражеский: 66
время: 1, 10, 100, 11, 12, 13, 14, 15, 16, 17, 18, 19, 2, 20, 21, 22, 23, 24, 25, 26, 27, 28, 29, 3, 30, 31, 32, 33, 34, 35, 36, 37, 38, 39, 4, 40, 41, 42, 43, 44, 45, 46, 47, 48, 49, 5, 50, 51, 52, 53, 54, 55, 56, 57, 58, 59, 6, 60, 61, 62, 63, 64, 65, 66, 67, 68, 69, 7, 70, 71, 72, 73, 74, 75, 76, 77, 78, 79, 8, 80, 81, 82, 83, 84, 85, 86, 87, 88, 89, 9, 90, 91, 92, 93, 94, 95, 96, 97, 98, 99
вроде: 24, 46, 6, 76, 80, 84
всегда: 28, 33, 73
всероссийский: 56
всерьёз: 73
вспомнить: 64
встретить: 84
встреча: 3
всякий: 48
всяческий: 33
всё: 1, 10, 100, 11, 12, 13, 14, 15, 16, 17, 18, 19, 2, 20, 21, 22, 23, 24, 25, 26, 27, 28, 29, 3, 30, 31, 32, 33, 34, 35, 36, 37, 38, 39, 4, 40, 41, 42, 43, 44, 45, 46, 47, 48, 49, 5, 50, 51, 52, 53, 54, 55, 56, 57, 58, 59, 6, 60, 61, 62, 63, 64, 65, 66, 67, 68, 69, 7, 70, 71, 72, 73, 74, 75, 76, 77, 78, 79, 8, 80, 81, 82, 83, 84, 85, 86, 87, 88, 89, 9, 90, 91, 92, 93, 94, 95, 96, 97, 98, 99
вторично: 48
второй: 11, 12, 35, 36, 50, 54, 79, 9
вукс: 76
вход: 30
выбирать: 34
выборка: 53
выбрать: 3, 34, 35, 50
вываливать: 41
вывод: 24, 28, 32, 46, 55
выводить: 36
выводиться: 17
выглядеть: 24, 36
выгодно: 55
выдавать: 77
выдаться: 88
выдача: 73
вызывать: 48, 50, 9, 94
выиграть: 20
выйти: 84, 85, 95
выкатить: 73
выкладка: 53
вылезать: 25, 32
выложить: 55
выпад: 28
выплачивать: 55
выполняться: 55
выпуск: 82, 95
выпускать: 32
вырасти: 97
высказать: 48
высказывание: 28
выслать: 41
высокий: 32, 4, 74, 99
высота: 58
выстрел: 48
выходить: 56
выяснить: 95
гадань: 46
гадать: 46
газета: 32
галочка: 35, 91
гаразды: 30
генеральный: 56
генерировать: 55
гениально: 92
геометрически: 36
герой: 89
гипермаркет: 97
гипотеза: 53
главное: 32, 34
главный: 17, 18, 34, 36, 57, 60, 68, 91
глаз: 53, 78
гледенов: 100
глюк: 80
гнедой: 93
говорить: 22, 32, 34, 40, 48, 73, 76, 9
год: 1, 10, 100, 11, 12, 13, 14, 15, 16, 17, 18, 19, 2, 20, 21, 22, 23, 24, 25, 26, 27, 28, 29, 3, 30, 31, 32, 33, 34, 35, 36, 37, 38, 39, 4, 40, 41, 42, 43, 44, 45, 46, 47, 48, 49, 5, 50, 51, 52, 53, 54, 55, 56, 57, 58, 59, 6, 60, 61, 62, 63, 64, 65, 66, 67, 68, 69, 7, 70, 71, 72, 73, 74, 75, 76, 77, 78, 79, 8, 80, 81, 82, 83, 84, 85, 86, 87, 88, 89, 9, 90, 91, 92, 93, 94, 95, 96, 97, 98, 99
голицын: 18
голова: 40, 48
голос: 1, 10, 100, 11, 12, 13, 15, 17, 18, 19, 20, 21, 22, 23, 24, 26, 27, 28, 3, 30, 34, 35, 36, 39, 4, 40, 44, 45, 49, 50, 51, 52, 53, 54, 55, 56, 57, 58, 59, 60, 61, 62, 63, 64, 65, 66, 67, 68, 69, 7, 70, 71, 72, 73, 74, 75, 76, 77, 78, 79, 8, 80, 81, 82, 83, 84, 85, 86, 87, 88, 89, 9, 90, 91, 92, 93, 94, 95, 96, 97, 98, 99
голосование: 34, 75, 77, 88
голосовать: 34, 75, 88
гораздо: 35
город: 53
горшков: 22, 97
горячий: 53
горячо: 73
господин: 24, 61
государство: 90
готовый: 4, 73, 74
грамота: 14
грамотно: 56
граница: 90
грант: 1, 10, 100, 11, 12, 13, 14, 15, 16, 17, 18, 19, 2, 20, 21, 22, 23, 24, 25, 26, 27, 28, 29, 3, 30, 31, 32, 33, 34, 35, 36, 37, 38, 39, 4, 40, 41, 42, 43, 44, 45, 46, 47, 48, 49, 5, 50, 51, 52, 53, 54, 55, 56, 57, 58, 59, 6, 60, 61, 62, 63, 64, 65, 66, 67, 68, 69, 7, 70, 71, 72, 73, 74, 75, 76, 77, 78, 79, 8, 80, 81, 82, 83, 84, 85, 86, 87, 88, 89, 9, 90, 91, 92, 93, 94, 95, 96, 97, 98, 99
григорий: 61, 74
громко: 73
группа: 1, 10, 21, 26, 29, 40, 42, 52, 64, 69, 74, 80, 99
гугл: 13, 21, 25, 53
гуревич: 100
давать: 12, 48, 51, 72, 73
давно: 40, 73, 94
далее: 11
далёкий: 33
даниил: 30
данные: 22, 32, 34, 50
данный: 33
дать: 23, 44, 93
два: 32, 44, 54, 66, 79, 80
двадцать: 32
двигатель: 94
двигаться: 89
движение: 89
движок: 1
дебаг: 41
дебют: 61
девайс: 86
девушка: 34
девяностый: 32
дежавю: 32
действие: 36, 48, 53, 73
действительно: 88
делать: 24, 28, 32, 36, 52, 64, 68
деликатный: 28
дело: 22, 34, 42, 46, 48, 55, 66, 73, 90
демидов: 56
денежка: 55
денискин: 61
день: 24, 75
деньга: 39, 87, 9
держатель: 70, 71
держать: 55
десятка: 48
десяток: 86
деталь: 28, 55
дефолтном: 81
дефолтный: 81
децентрализованный: 50
дешёвый: 73, 9
деятельность: 48, 56
джефф: 34
джордж: 48
дзен: 1, 10, 100, 11, 12, 13, 14, 15, 16, 17, 18, 19, 2, 20, 21, 22, 23, 24, 25, 26, 27, 28, 29, 3, 30, 31, 32, 33, 34, 35, 36, 37, 38, 39, 4, 40, 41, 42, 43, 44, 45, 46, 47, 48, 49, 5, 50, 51, 52, 53, 54, 55, 56, 57, 58, 59, 6, 60, 61, 62, 63, 64, 65, 66, 67, 68, 69, 7, 70, 71, 72, 73, 74, 75, 76, 77, 78, 79, 8, 80, 81, 82, 83, 84, 85, 86, 87, 88, 89, 9, 90, 91, 92, 93, 94, 95, 96, 97, 98, 99
дизаблить: 54
дизайн: 1, 10, 100, 11, 12, 13, 14, 15, 16, 17, 18, 19, 2, 20, 21, 22, 23, 24, 25, 26, 27, 28, 29, 3, 30, 31, 32, 33, 34, 35, 36, 37, 38, 39, 4, 40, 41, 42, 43, 44, 45, 46, 47, 48, 49, 5, 50, 51, 52, 53, 54, 55, 56, 57, 58, 59, 6, 60, 61, 62, 63, 64, 65, 66, 67, 68, 69, 7, 70, 71, 72, 73, 74, 75, 76, 77, 78, 79, 8, 80, 81, 82, 83, 84, 85, 86, 87, 88, 89, 9, 90, 91, 92, 93, 94, 95, 96, 97, 98, 99
дизайнер: 32
директор: 21, 30, 32, 33, 56
дискуссия: 58
дмитрий: 25, 29, 32, 33, 34, 40, 46, 48, 52, 53, 55, 56, 57
добавить: 1, 10, 100, 11, 12, 13, 14, 15, 16, 17, 18, 19, 2, 20, 21, 22, 23, 24, 25, 26, 27, 28, 29, 3, 30, 31, 32, 33, 34, 35, 36, 37, 38, 39, 4, 40, 41, 42, 43, 44, 45, 46, 47, 48, 49, 5, 50, 51, 52, 53, 54, 55, 56, 57, 58, 59, 6, 60, 61, 62, 63, 64, 65, 66, 67, 68, 69, 7, 70, 71, 72, 73, 74, 75, 76, 77, 78, 79, 8, 80, 81, 82, 83, 84, 85, 86, 87, 88, 89, 9, 90, 91, 92, 93, 94, 95, 96, 97, 98, 99
добавиться: 36
добавление: 36, 54, 65
добавляться: 36
добиться: 91
добрый: 48
довольно: 74
договориться: 73
доделать: 16
додумывать: 48
документ: 1, 10, 100, 11, 12, 13, 14, 15, 16, 17, 18, 19, 2, 20, 21, 22, 23, 24, 25, 26, 27, 28, 29, 3, 30, 31, 32, 33, 34, 35, 36, 37, 38, 39, 4, 40, 41, 42, 43, 44, 45, 46, 47, 48, 49, 5, 50, 51, 52, 53, 54, 55, 56, 57, 58, 59, 6, 60, 61, 62, 63, 64, 65, 66, 67, 68, 69, 7, 70, 71, 72, 73, 74, 75, 76, 77, 78, 79, 8, 80, 81, 82, 83, 84, 85, 86, 87, 88, 89, 9, 90, 91, 92, 93, 94, 95, 96, 97, 98, 99
должный: 3, 36, 46, 48, 49, 57, 74, 80, 91, 93, 95, 97
доля: 32
дом: 65
домен: 100, 13
доменный: 100, 13
дон: 53
дора: 73
дорабатываться: 80
дорвей: 73
дорвейный: 73
дорвейщик: 73, 75
дорого: 21
достаточно: 4
достать: 94
доступ: 23, 32, 55
доступно: 99
доступный: 1, 48, 80, 99
дрогановый: 39
друг: 36, 40, 48, 57, 63, 66, 75, 79, 80
другой: 1, 10, 100, 11, 12, 13, 14, 15, 16, 17, 18, 19, 2, 20, 21, 22, 23, 24, 25, 26, 27, 28, 29, 3, 30, 31, 32, 33, 34, 35, 36, 37, 38, 39, 4, 40, 41, 42, 43, 44, 45, 46, 47, 48, 49, 5, 50, 51, 52, 53, 54, 55, 56, 57, 58, 59, 6, 60, 61, 62, 63, 64, 65, 66, 67, 68, 69, 7, 70, 71, 72, 73, 74, 75, 76, 77, 78, 79, 8, 80, 81, 82, 83, 84, 85, 86, 87, 88, 89, 9, 90, 91, 92, 93, 94, 95, 96, 97, 98, 99
дружба: 100
дружеский: 73
дружить: 100
дубликат: 54
дублироваться: 54
дубль: 67
дубовик: 60
думать: 35, 4, 46, 48, 52, 54
евгений: 66
европейский: 100
евросеть: 60
единица: 74
единственно: 9
ещё: 51, 83
жаждать: 32
жать: 43
ждать: 25, 29, 73
желание: 33
желать: 28, 34
жертва: 73
жест: 73
живой: 91, 95
жизнеспособный: 9
жизнь: 18, 34, 88, 92
жительство: 34
жить: 18
журнал: 89
журналист: 3, 55
журналистика: 23
забанить: 73
забанный: 31
забыть: 2, 41, 66
забыться: 64
завал: 48
завести: 34
зависеть: 77
зависимый: 74
заворот: 48
заговорить: 24
заголовок: 17, 18, 19, 91, 93
загрузить: 27, 82
задавать: 1
задать: 46
задаться: 23
задача: 34, 46, 55, 67
задержка: 82
задонатить: 24, 27, 28, 37
задумать: 48
заинтересовать: 29
зайти: 28, 29, 65, 88
закинуть: 46
закладка: 1, 10, 100, 11, 12, 13, 14, 15, 16, 17, 18, 19, 2, 20, 21, 22, 23, 24, 25, 26, 27, 28, 29, 3, 30, 31, 32, 33, 34, 35, 36, 37, 38, 39, 4, 40, 41, 42, 43, 44, 45, 46, 47, 48, 49, 5, 50, 51, 52, 53, 54, 55, 56, 57, 58, 59, 6, 60, 61, 62, 63, 64, 65, 66, 67, 68, 69, 7, 70, 71, 72, 73, 74, 75, 76, 77, 78, 79, 8, 80, 81, 82, 83, 84, 85, 86, 87, 88, 89, 9, 90, 91, 92, 93, 94, 95, 96, 97, 98, 99
заключать: 32
заключаться: 48
закрытие: 100
закрытый: 28
заметить: 83, 93
заметно: 84
заметный: 25
замечательный: 34, 36
замысел: 55, 91
занимать: 32, 34, 73
занятие: 32
занятный: 13
занятой: 32
записывать: 23, 54
запись: 23, 30, 68, 74, 76, 81
запланировать: 82
запоздалый: 32
запоститься: 54
запретить: 30
запрос: 19, 48, 56
запускать: 34
зарабатывать: 39
заработать: 91, 99
зарастать: 55
зарегистрировать: 91
зарегистрироваться: 65
засунуть: 52
затем: 91
затрагивать: 32
затрата: 1, 10, 100, 11, 12, 13, 14, 15, 16, 17, 18, 19, 2, 20, 21, 22, 23, 24, 25, 26, 27, 28, 29, 3, 30, 31, 32, 33, 34, 35, 36, 37, 38, 39, 4, 40, 41, 42, 43, 44, 45, 46, 47, 48, 49, 5, 50, 51, 52, 53, 54, 55, 56, 57, 58, 59, 6, 60, 61, 62, 63, 64, 65, 66, 67, 68, 69, 7, 70, 71, 72, 73, 74, 75, 76, 77, 78, 79, 8, 80, 81, 82, 83, 84, 85, 86, 87, 88, 89, 9, 90, 91, 92, 93, 94, 95, 96, 97, 98, 99
заходить: 29, 88
захотеть: 29
захотеться: 66
зачётный: 55
заявить: 22, 56
заявление: 73
зваться: 69
здорово: 20, 65
здоровый: 1, 10, 100, 11, 12, 13, 14, 15, 16, 17, 18, 19, 2, 20, 21, 22, 23, 24, 25, 26, 27, 28, 29, 3, 30, 31, 32, 33, 34, 35, 36, 37, 38, 39, 4, 40, 41, 42, 43, 44, 45, 46, 47, 48, 49, 5, 50, 51, 52, 53, 54, 55, 56, 57, 58, 59, 6, 60, 61, 62, 63, 64, 65, 66, 67, 68, 69, 7, 70, 71, 72, 73, 74, 75, 76, 77, 78, 79, 8, 80, 81, 82, 83, 84, 85, 86, 87, 88, 89, 9, 90, 91, 92, 93, 94, 95, 96, 97, 98, 99
здоровье: 1, 10, 100, 11, 12, 13, 14, 15, 16, 17, 18, 19, 2, 20, 21, 22, 23, 24, 25, 26, 27, 28, 29, 3, 30, 31, 32, 33, 34, 35, 36, 37, 38, 39, 4, 40, 41, 42, 43, 44, 45, 46, 47, 48, 49, 5, 50, 51, 52, 53, 54, 55, 56, 57, 58, 59, 6, 60, 61, 62, 63, 64, 65, 66, 67, 68, 69, 7, 70, 71, 72, 73, 74, 75, 76, 77, 78, 79, 8, 80, 81, 82, 83, 84, 85, 86, 87, 88, 89, 9, 90, 91, 92, 93, 94, 95, 96, 97, 98, 99
здравствуйте: 49
злоумышленник: 48
знак: 35
знакомить: 34
знакомый: 40, 46
знание: 32, 33, 56
знать: 100, 2, 29, 3, 33, 46, 55, 62, 95
значимость: 48
значимый: 55
значит: 53, 73, 81, 91
значительный: 73
зной: 38
зона: 53
зритель: 33
ибо: 24, 28
иван: 51
иванов: 26, 54
игла: 73
игнора: 28
игорь: 74
игра: 73
идеал: 74
идеально: 1, 33
идеальный: 55, 74
идея: 1, 24, 25, 29, 36, 4, 48, 55, 57, 61, 72
идти: 34, 40, 55
избранный: 24
известный: 34
издание: 32, 34
издеваться: 66
изменение: 75
изменить: 33, 74, 75
изменять: 74
измерить: 40
изначально: 24
изнутри: 33
изображение: 35
изобразить: 81
изучать: 33
иллюстрация: 34
илья: 83
имейл: 34
именно: 36, 53, 63
иметь: 24, 29, 40, 46, 55, 58, 59, 75
иметься: 19, 73
имхо: 9
имя: 100, 13, 46
иначе: 32, 36
инвестиция: 56
индиец: 6
индикатор: 53
иногда: 6
иной: 50
инструмент: 55, 56
интеграция: 33
интерактивный: 34
интервью: 21, 31, 89
интерес: 32, 34, 9, 98
интересно: 11, 24, 29, 37, 40, 52, 58, 6, 70, 71, 73, 99
интересный: 24, 25, 28, 29, 33, 46, 66
интересовать: 40, 6, 81
интересоваться: 40
интернет: 21, 22, 29, 32, 33, 34, 39, 40, 46, 48, 53, 55, 56, 57, 6, 64, 9, 92, 97
инф: 29
инфо: 24
информация: 1, 10, 100, 11, 12, 13, 14, 15, 16, 17, 18, 19, 2, 20, 21, 22, 23, 24, 25, 26, 27, 28, 29, 3, 30, 31, 32, 33, 34, 35, 36, 37, 38, 39, 4, 40, 41, 42, 43, 44, 45, 46, 47, 48, 49, 5, 50, 51, 52, 53, 54, 55, 56, 57, 58, 59, 6, 60, 61, 62, 63, 64, 65, 66, 67, 68, 69, 7, 70, 71, 72, 73, 74, 75, 76, 77, 78, 79, 8, 80, 81, 82, 83, 84, 85, 86, 87, 88, 89, 9, 90, 91, 92, 93, 94, 95, 96, 97, 98, 99
иркутск: 53
искать: 21, 53, 63, 83
исключать: 34
искусственно: 55
исполнительный: 21, 30
исполниться: 60
использование: 36, 48, 55
использовать: 1, 14, 21, 34, 42, 53, 55, 56
использоваться: 14
исправить: 14, 76
исследование: 32, 53, 94
история: 1, 10, 100, 11, 12, 13, 14, 15, 16, 17, 18, 19, 2, 20, 21, 22, 23, 24, 25, 26, 27, 28, 29, 3, 30, 31, 32, 33, 34, 35, 36, 37, 38, 39, 4, 40, 41, 42, 43, 44, 45, 46, 47, 48, 49, 5, 50, 51, 52, 53, 54, 55, 56, 57, 58, 59, 6, 60, 61, 62, 63, 64, 65, 66, 67, 68, 69, 7, 70, 71, 72, 73, 74, 75, 76, 77, 78, 79, 8, 80, 81, 82, 83, 84, 85, 86, 87, 88, 89, 9, 90, 91, 92, 93, 94, 95, 96, 97, 98, 99
источник: 21, 30, 33, 98
исходить: 46
исходный: 23
исчезнуть: 90
итак: 21, 73, 80, 91
июл: 1, 10, 100, 11, 12, 13, 14, 15, 16, 17, 18, 19, 2, 20, 21, 22, 23, 24, 25, 26, 27, 28, 29, 3, 30, 31, 32, 33, 4, 5, 6, 7, 8, 85, 86, 87, 88, 89, 9, 90, 91, 92, 93, 94, 95, 96, 97, 98, 99
июль: 32
июн: 80, 81, 82, 83, 84
июнь: 1, 10, 100, 11, 12, 13, 14, 15, 16, 17, 18, 19, 2, 20, 21, 22, 23, 24, 25, 26, 27, 28, 29, 3, 30, 31, 32, 33, 34, 35, 36, 37, 38, 39, 4, 40, 41, 42, 43, 44, 45, 46, 47, 48, 49, 5, 50, 51, 52, 53, 54, 55, 56, 57, 58, 59, 6, 60, 61, 62, 63, 64, 65, 66, 67, 68, 69, 7, 70, 71, 72, 73, 74, 75, 76, 77, 78, 79, 8, 80, 81, 82, 83, 84, 85, 86, 87, 88, 89, 9, 90, 91, 92, 93, 94, 95, 96, 97, 98, 99
йорк: 25
каждый: 21, 28, 32, 33, 34, 56, 90, 92, 99
казань: 1, 10, 100, 11, 12, 13, 14, 15, 16, 17, 18, 19, 2, 20, 21, 22, 23, 24, 25, 26, 27, 28, 29, 3, 30, 31, 32, 33, 34, 35, 36, 37, 38, 39, 4, 40, 41, 42, 43, 44, 45, 46, 47, 48, 49, 5, 50, 51, 52, 53, 54, 55, 56, 57, 58, 59, 6, 60, 61, 62, 63, 64, 65, 66, 67, 68, 69, 7, 70, 71, 72, 73, 74, 75, 76, 77, 78, 79, 8, 80, 81, 82, 83, 84, 85, 86, 87, 88, 89, 9, 90, 91, 92, 93, 94, 95, 96, 97, 98, 99
казаться: 1, 4, 40, 74, 77
какой: 11, 16, 22, 24, 32, 39, 40, 46, 48, 62, 65, 89
календарь: 1, 10, 100, 11, 12, 13, 14, 15, 16, 17, 18, 19, 2, 20, 21, 22, 23, 24, 25, 26, 27, 28, 29, 3, 30, 31, 32, 33, 34, 35, 36, 37, 38, 39, 4, 40, 41, 42, 43, 44, 45, 46, 47, 48, 49, 5, 50, 51, 52, 53, 54, 55, 56, 57, 58, 59, 6, 60, 61, 62, 63, 64, 65, 66, 67, 68, 69, 7, 70, 71, 72, 73, 74, 75, 76, 77, 78, 79, 8, 80, 81, 82, 83, 84, 85, 86, 87, 88, 89, 9, 90, 91, 92, 93, 94, 95, 96, 97, 98, 99
калька: 77
камент: 18, 54
камень: 21
кампания: 32, 33, 56
камышева: 49
капрановый: 38, 42, 77, 79
карибский: 32
карма: 1, 10, 100, 11, 12, 13, 14, 15, 16, 17, 18, 19, 2, 20, 21, 22, 23, 24, 25, 26, 27, 28, 29, 3, 30, 31, 32, 33, 34, 35, 36, 37, 38, 39, 4, 40, 41, 42, 43, 44, 45, 46, 47, 48, 49, 5, 50, 51, 52, 53, 54, 55, 56, 57, 58, 59, 6, 60, 61, 62, 63, 64, 65, 66, 67, 68, 69, 7, 70, 71, 72, 73, 74, 75, 76, 77, 78, 79, 8, 80, 81, 82, 83, 84, 85, 86, 87, 88, 89, 9, 90, 91, 92, 93, 94, 95, 96, 97, 98, 99
кармаграф: 80
кармический: 77
кармограф: 75
карта: 25, 30, 40
картина: 53
картинка: 35, 40, 55
карточка: 87
карьера: 1, 10, 100, 11, 21, 23, 3, 4, 64, 75, 80, 89, 90, 91, 98, 99
кастинг: 32, 34
катаклизм: 75
каталог: 46
категория: 11
кафе: 57
качественный: 52
качество: 22, 34, 55
квартал: 97
киб: 56
кингдом: 34
кингдон: 34
кирилл: 70, 71
клан: 25
класс: 77
клик: 73
кликать: 21, 25, 54
кликнуть: 33, 54
клинический: 30
клип: 34
клишина: 84, 85
клуб: 32, 92
ключевой: 56
книга: 46
кнопка: 15, 24, 27, 28, 37, 48, 54, 65, 76, 91, 99
кнопочка: 65
кобыла: 93
коварный: 25
код: 1, 10, 100, 11, 12, 13, 14, 15, 16, 17, 18, 19, 2, 20, 21, 22, 23, 24, 25, 26, 27, 28, 29, 3, 30, 31, 32, 33, 34, 35, 36, 37, 38, 39, 4, 40, 41, 42, 43, 44, 45, 46, 47, 48, 49, 5, 50, 51, 52, 53, 54, 55, 56, 57, 58, 59, 6, 60, 61, 62, 63, 64, 65, 66, 67, 68, 69, 7, 70, 71, 72, 73, 74, 75, 76, 77, 78, 79, 8, 80, 81, 82, 83, 84, 85, 86, 87, 88, 89, 9, 90, 91, 92, 93, 94, 95, 96, 97, 98, 99
кодировка: 38
кой: 40
кол: 17, 18, 19, 20
количество: 1, 10, 100, 11, 12, 13, 14, 15, 16, 17, 18, 19, 2, 20, 21, 22, 23, 24, 25, 26, 27, 28, 29, 3, 30, 31, 32, 33, 34, 35, 36, 37, 38, 39, 4, 40, 41, 42, 43, 44, 45, 46, 47, 48, 49, 5, 50, 51, 52, 53, 54, 55, 56, 57, 58, 59, 6, 60, 61, 62, 63, 64, 65, 66, 67, 68, 69, 7, 70, 71, 72, 73, 74, 75, 76, 77, 78, 79, 8, 80, 81, 82, 83, 84, 85, 86, 87, 88, 89, 9, 90, 91, 92, 93, 94, 95, 96, 97, 98, 99
коллажик: 57
коллега: 22, 80
коллективный: 1, 4
колонка: 34, 4, 52, 55, 74, 76, 80, 91
колумнист: 91
команда: 73, 89
комби: 9
коментарий: 49, 7
комменарий: 58
коммент: 19, 28, 38, 79
комментарий: 1, 10, 100, 11, 12, 13, 14, 15, 16, 17, 18, 19, 2, 20, 21, 22, 23, 24, 25, 26, 27, 28, 29, 3, 30, 31, 32, 33, 34, 35, 36, 37, 38, 39, 4, 40, 41, 42, 43, 44, 45, 46, 47, 48, 49, 5, 50, 51, 52, 53, 54, 55, 56, 57, 58, 59, 6, 60, 61, 62, 63, 64, 65, 66, 67, 68, 69, 7, 70, 71, 72, 73, 74, 75, 76, 77, 78, 79, 8, 80, 81, 82, 83, 84, 85, 86, 87, 88, 89, 9, 90, 91, 92, 93, 94, 95, 96, 97, 98, 99
комментировать: 33, 51, 56, 58, 71, 72, 82, 86, 89, 90
коммерц: 22
коммерция: 21, 22, 97
коммуникация: 32, 33
компания: 1, 10, 100, 11, 12, 13, 14, 15, 16, 17, 18, 19, 2, 20, 21, 22, 23, 24, 25, 26, 27, 28, 29, 3, 30, 31, 32, 33, 34, 35, 36, 37, 38, 39, 4, 40, 41, 42, 43, 44, 45, 46, 47, 48, 49, 5, 50, 51, 52, 53, 54, 55, 56, 57, 58, 59, 6, 60, 61, 62, 63, 64, 65, 66, 67, 68, 69, 7, 70, 71, 72, 73, 74, 75, 76, 77, 78, 79, 8, 80, 81, 82, 83, 84, 85, 86, 87, 88, 89, 9, 90, 91, 92, 93, 94, 95, 96, 97, 98, 99
компьютер: 82, 91, 95
комфортный: 36
комьюнити: 34, 99
конверт: 73
конец: 22, 29, 30, 82
конечно: 27, 46, 55, 73, 74, 77, 9
конкретный: 1
конкурент: 48
конкурс: 1, 10, 100, 11, 12, 13, 14, 15, 16, 17, 18, 19, 2, 20, 21, 22, 23, 24, 25, 26, 27, 28, 29, 3, 30, 31, 32, 33, 34, 35, 36, 37, 38, 39, 4, 40, 41, 42, 43, 44, 45, 46, 47, 48, 49, 5, 50, 51, 52, 53, 54, 55, 56, 57, 58, 59, 6, 60, 61, 62, 63, 64, 65, 66, 67, 68, 69, 7, 70, 71, 72, 73, 74, 75, 76, 77, 78, 79, 8, 80, 81, 82, 83, 84, 85, 86, 87, 88, 89, 9, 90, 91, 92, 93, 94, 95, 96, 97, 98, 99
консалтинговый: 32
константин: 15, 19, 44, 68
контекстный: 16, 33, 34
контент: 1, 10, 100, 11, 12, 13, 14, 15, 16, 17, 18, 19, 2, 20, 21, 22, 23, 24, 25, 26, 27, 28, 29, 3, 30, 31, 32, 33, 34, 35, 36, 37, 38, 39, 4, 40, 41, 42, 43, 44, 45, 46, 47, 48, 49, 5, 50, 51, 52, 53, 54, 55, 56, 57, 58, 59, 6, 60, 61, 62, 63, 64, 65, 66, 67, 68, 69, 7, 70, 71, 72, 73, 74, 75, 76, 77, 78, 79, 8, 80, 81, 82, 83, 84, 85, 86, 87, 88, 89, 9, 90, 91, 92, 93, 94, 95, 96, 97, 98, 99
контролироваться: 9
конференция: 1, 10, 100, 11, 12, 13, 14, 15, 16, 17, 18, 19, 2, 20, 21, 22, 23, 24, 25, 26, 27, 28, 29, 3, 30, 31, 32, 33, 34, 35, 36, 37, 38, 39, 4, 40, 41, 42, 43, 44, 45, 46, 47, 48, 49, 5, 50, 51, 52, 53, 54, 55, 56, 57, 58, 59, 6, 60, 61, 62, 63, 64, 65, 66, 67, 68, 69, 7, 70, 71, 72, 73, 74, 75, 76, 77, 78, 79, 8, 80, 81, 82, 83, 84, 85, 86, 87, 88, 89, 9, 90, 91, 92, 93, 94, 95, 96, 97, 98, 99
конфиденциальность: 1, 10, 100, 11, 12, 13, 14, 15, 16, 17, 18, 19, 2, 20, 21, 22, 23, 24, 25, 26, 27, 28, 29, 3, 30, 31, 32, 33, 34, 35, 36, 37, 38, 39, 4, 40, 41, 42, 43, 44, 45, 46, 47, 48, 49, 5, 50, 51, 52, 53, 54, 55, 56, 57, 58, 59, 6, 60, 61, 62, 63, 64, 65, 66, 67, 68, 69, 7, 70, 71, 72, 73, 74, 75, 76, 77, 78, 79, 8, 80, 81, 82, 83, 84, 85, 86, 87, 88, 89, 9, 90, 91, 92, 93, 94, 95, 96, 97, 98, 99
концепция: 48, 55
концлагерь: 48
копейка: 9
копилка: 77
копирайт: 33
копировать: 24
корелировать: 74
корневой: 26
короткий: 34
корпоративный: 1, 10, 100, 11, 12, 13, 14, 15, 16, 17, 18, 19, 2, 20, 21, 22, 23, 24, 25, 26, 27, 28, 29, 3, 30, 31, 32, 33, 34, 35, 36, 37, 38, 39, 4, 40, 41, 42, 43, 44, 45, 46, 47, 48, 49, 5, 50, 51, 52, 53, 54, 55, 56, 57, 58, 59, 6, 60, 61, 62, 63, 64, 65, 66, 67, 68, 69, 7, 70, 71, 72, 73, 74, 75, 76, 77, 78, 79, 8, 80, 81, 82, 83, 84, 85, 86, 87, 88, 89, 9, 90, 91, 92, 93, 94, 95, 96, 97, 98, 99
корпорация: 82
корректор: 76, 91
корреспондент: 57
костяк: 73
который: 1, 100, 17, 2, 21, 29, 32, 33, 36, 38, 40, 48, 52, 53, 55, 57, 59, 6, 66, 70, 71, 73, 74, 83, 9, 90, 91, 92
кошкин: 67
коэффициент: 44, 74
крайний: 25, 80
красивый: 40, 55
краснодар: 53
красноярск: 53
красный: 48
красота: 34, 55
краткий: 28, 33, 52, 58
креатив: 33
креативный: 33, 89
кредитный: 30
крейн: 32, 33
крестик: 35
критерий: 57
кровь: 48
кроме: 2, 34, 55, 75
крупный: 70, 71, 97
круто: 8
крючков: 58, 59
кстати: 46, 61, 96
кто: 25, 34, 67, 88
куб: 40
кулина: 56
культура: 33
купить: 33
куча: 65
кушнер: 56
ладный: 65
лазить: 46
лайкос: 100
латиноамериканец: 6
лев: 43, 47, 62
левый: 99
легко: 48, 55
лежать: 25, 48
лениво: 52
лента: 1, 10, 100, 11, 12, 13, 14, 15, 16, 17, 18, 19, 2, 20, 21, 22, 23, 24, 25, 26, 27, 28, 29, 3, 30, 31, 32, 33, 34, 35, 36, 37, 38, 39, 4, 40, 41, 42, 43, 44, 45, 46, 47, 48, 49, 5, 50, 51, 52, 53, 54, 55, 56, 57, 58, 59, 6, 60, 61, 62, 63, 64, 65, 66, 67, 68, 69, 7, 70, 71, 72, 73, 74, 75, 76, 77, 78, 79, 8, 80, 81, 82, 83, 84, 85, 86, 87, 88, 89, 9, 90, 91, 92, 93, 94, 95, 96, 97, 98, 99
леонид: 56
летний: 1, 10, 100, 11, 12, 13, 14, 15, 16, 17, 18, 19, 2, 20, 21, 22, 23, 24, 25, 26, 27, 28, 29, 3, 30, 31, 32, 33, 34, 35, 36, 37, 38, 39, 4, 40, 41, 42, 43, 44, 45, 46, 47, 48, 49, 5, 50, 51, 52, 53, 54, 55, 56, 57, 58, 59, 6, 60, 61, 62, 63, 64, 65, 66, 67, 68, 69, 7, 70, 71, 72, 73, 74, 75, 76, 77, 78, 79, 8, 80, 81, 82, 83, 84, 85, 86, 87, 88, 89, 9, 90, 91, 92, 93, 94, 95, 96, 97, 98, 99
либо: 54, 55, 59, 99
лидерский: 56
лингвый: 14
линк: 29
лицо: 30
лично: 24
личный: 32
лишний: 92
лишь: 34, 50, 55, 73, 94
логика: 9
логин: 43, 5
логично: 74, 76
логичный: 74
логотип: 65, 99
льстить: 92
льший: 75
любим: 73
любимый: 27, 46, 73
любитель: 9
любовь: 34
любой: 34, 50, 55, 73, 74, 81, 91
любопытство: 46
магазин: 21, 22, 73, 97
магический: 91
май: 22, 98
майами: 34
майкл: 84, 85
макинтош: 65
максим: 45, 50, 51, 63
максимальный: 36
максимум: 33
маленький: 55, 58, 66, 77
мало: 73
малый: 55
маньяк: 92
маразм: 87
марат: 92
маркет: 21
маркетинг: 1, 10, 100, 11, 12, 13, 14, 15, 16, 17, 18, 19, 2, 20, 21, 22, 23, 24, 25, 26, 27, 28, 29, 3, 30, 31, 32, 33, 34, 35, 36, 37, 38, 39, 4, 40, 41, 42, 43, 44, 45, 46, 47, 48, 49, 5, 50, 51, 52, 53, 54, 55, 56, 57, 58, 59, 6, 60, 61, 62, 63, 64, 65, 66, 67, 68, 69, 7, 70, 71, 72, 73, 74, 75, 76, 77, 78, 79, 8, 80, 81, 82, 83, 84, 85, 86, 87, 88, 89, 9, 90, 91, 92, 93, 94, 95, 96, 97, 98, 99
маркетинговый: 32
маркетолог: 34
март: 1, 10, 100, 11, 12, 13, 14, 15, 16, 17, 18, 19, 2, 20, 21, 22, 23, 24, 25, 26, 27, 28, 29, 3, 30, 31, 32, 33, 34, 35, 36, 37, 38, 39, 4, 40, 41, 42, 43, 44, 45, 46, 47, 48, 49, 5, 50, 51, 52, 53, 54, 55, 56, 57, 58, 59, 6, 60, 61, 62, 63, 64, 65, 66, 67, 68, 69, 7, 70, 71, 72, 73, 74, 75, 76, 77, 78, 79, 8, 80, 81, 82, 83, 84, 85, 86, 87, 88, 89, 9, 90, 91, 92, 93, 94, 95, 96, 97, 98, 99
маскироваться: 48
маслов: 3
массовый: 82
мастдать: 74
мастер: 73
мастерская: 1, 10, 100, 11, 12, 13, 14, 15, 16, 17, 18, 19, 2, 20, 21, 22, 23, 24, 25, 26, 27, 28, 29, 3, 30, 31, 32, 33, 34, 35, 36, 37, 38, 39, 4, 40, 41, 42, 43, 44, 45, 46, 47, 48, 49, 5, 50, 51, 52, 53, 54, 55, 56, 57, 58, 59, 6, 60, 61, 62, 63, 64, 65, 66, 67, 68, 69, 7, 70, 71, 72, 73, 74, 75, 76, 77, 78, 79, 8, 80, 81, 82, 83, 84, 85, 86, 87, 88, 89, 9, 90, 91, 92, 93, 94, 95, 96, 97, 98, 99
мастерхост: 39
масштабировать: 89
масштабный: 1, 10, 100, 11, 12, 13, 14, 15, 16, 17, 18, 19, 2, 20, 21, 22, 23, 24, 25, 26, 27, 28, 29, 3, 30, 31, 32, 33, 34, 35, 36, 37, 38, 39, 4, 40, 41, 42, 43, 44, 45, 46, 47, 48, 49, 5, 50, 51, 52, 53, 54, 55, 56, 57, 58, 59, 6, 60, 61, 62, 63, 64, 65, 66, 67, 68, 69, 7, 70, 71, 72, 73, 74, 75, 76, 77, 78, 79, 8, 80, 81, 82, 83, 84, 85, 86, 87, 88, 89, 9, 90, 91, 92, 93, 94, 95, 96, 97, 98, 99
материал: 52
мафиозный: 25
мах: 77
машина: 50, 97
машинный: 91
мегабайт: 55
мегабайтный: 55
мегабеглый: 33
медиа: 23, 34
медийный: 1, 10, 100, 11, 12, 13, 14, 15, 16, 17, 18, 19, 2, 20, 21, 22, 23, 24, 25, 26, 27, 28, 29, 3, 30, 31, 32, 33, 34, 35, 36, 37, 38, 39, 4, 40, 41, 42, 43, 44, 45, 46, 47, 48, 49, 5, 50, 51, 52, 53, 54, 55, 56, 57, 58, 59, 6, 60, 61, 62, 63, 64, 65, 66, 67, 68, 69, 7, 70, 71, 72, 73, 74, 75, 76, 77, 78, 79, 8, 80, 81, 82, 83, 84, 85, 86, 87, 88, 89, 9, 90, 91, 92, 93, 94, 95, 96, 97, 98, 99
между: 35, 55, 75
мейл: 49
мелкий: 32, 97
мелочь: 76
менеджер: 56
менеджмент: 1, 10, 100, 11, 12, 13, 14, 15, 16, 17, 18, 19, 2, 20, 21, 22, 23, 24, 25, 26, 27, 28, 29, 3, 30, 31, 32, 33, 34, 35, 36, 37, 38, 39, 4, 40, 41, 42, 43, 44, 45, 46, 47, 48, 49, 5, 50, 51, 52, 53, 54, 55, 56, 57, 58, 59, 6, 60, 61, 62, 63, 64, 65, 66, 67, 68, 69, 7, 70, 71, 72, 73, 74, 75, 76, 77, 78, 79, 8, 80, 81, 82, 83, 84, 85, 86, 87, 88, 89, 9, 90, 91, 92, 93, 94, 95, 96, 97, 98, 99
менее: 55, 70, 71, 74, 82, 94
ментальный: 1, 10, 100, 11, 12, 13, 14, 15, 16, 17, 18, 19, 2, 20, 21, 22, 23, 24, 25, 26, 27, 28, 29, 3, 30, 31, 32, 33, 34, 35, 36, 37, 38, 39, 4, 40, 41, 42, 43, 44, 45, 46, 47, 48, 49, 5, 50, 51, 52, 53, 54, 55, 56, 57, 58, 59, 6, 60, 61, 62, 63, 64, 65, 66, 67, 68, 69, 7, 70, 71, 72, 73, 74, 75, 76, 77, 78, 79, 8, 80, 81, 82, 83, 84, 85, 86, 87, 88, 89, 9, 90, 91, 92, 93, 94, 95, 96, 97, 98, 99
менять: 34
мера: 25, 80
меркетинг: 12
мероприятие: 56
мертворождённый: 40
местный: 25, 3, 34
место: 25, 26, 32, 34, 36, 73
месяц: 46
месячный: 1, 10, 100, 11, 12, 13, 14, 15, 16, 17, 18, 19, 2, 20, 21, 22, 23, 24, 25, 26, 27, 28, 29, 3, 30, 31, 32, 33, 34, 35, 36, 37, 38, 39, 4, 40, 41, 42, 43, 44, 45, 46, 47, 48, 49, 5, 50, 51, 52, 53, 54, 55, 56, 57, 58, 59, 6, 60, 61, 62, 63, 64, 65, 66, 67, 68, 69, 7, 70, 71, 72, 73, 74, 75, 76, 77, 78, 79, 8, 80, 81, 82, 83, 84, 85, 86, 87, 88, 89, 9, 90, 91, 92, 93, 94, 95, 96, 97, 98, 99
метка: 14
метод: 74, 99
механизм: 1
мечта: 34
мешать: 24
миграция: 12
микро: 55
микроформат: 45, 50, 51
миллион: 30, 32, 89, 95
мимикрия: 12
мина: 1, 10, 100, 11, 12, 13, 14, 15, 16, 17, 18, 19, 2, 20, 21, 22, 23, 24, 25, 26, 27, 28, 29, 3, 30, 31, 32, 33, 34, 35, 36, 37, 38, 39, 4, 40, 41, 42, 43, 44, 45, 46, 47, 48, 49, 5, 50, 51, 52, 53, 54, 55, 56, 57, 58, 59, 6, 60, 61, 62, 63, 64, 65, 66, 67, 68, 69, 7, 70, 71, 72, 73, 74, 75, 76, 77, 78, 79, 8, 80, 81, 82, 83, 84, 85, 86, 87, 88, 89, 9, 90, 91, 92, 93, 94, 95, 96, 97, 98, 99
минимальный: 91
минимум: 36, 40, 80
минус: 35, 53
минь: 55
мир: 48
млн: 82, 97
мнение: 20, 37, 52, 56, 66, 70, 71
многий: 11, 29, 88
много: 2, 34, 52, 6, 77
многое: 73
многочислить: 74
множество: 38, 55
модератор: 99
модерирование: 99
модульность: 50
мозг: 33
мой: 1, 10, 100, 11, 12, 13, 14, 15, 16, 17, 18, 19, 2, 20, 21, 22, 23, 24, 25, 26, 27, 28, 29, 3, 30, 31, 32, 33, 34, 35, 36, 37, 38, 39, 4, 40, 41, 42, 43, 44, 45, 46, 47, 48, 49, 5, 50, 51, 52, 53, 54, 55, 56, 57, 58, 59, 6, 60, 61, 62, 63, 64, 65, 66, 67, 68, 69, 7, 70, 71, 72, 73, 74, 75, 76, 77, 78, 79, 8, 80, 81, 82, 83, 84, 85, 86, 87, 88, 89, 9, 90, 91, 92, 93, 94, 95, 96, 97, 98, 99
молодой: 32
молодёжный: 32
молчание: 28
момент: 33, 34, 36, 48, 75, 78, 80
монстр: 32, 34
море: 32
москва: 1, 10, 100, 11, 12, 13, 14, 15, 16, 17, 18, 19, 2, 20, 21, 22, 23, 24, 25, 26, 27, 28, 29, 3, 30, 31, 32, 33, 34, 35, 36, 37, 38, 39, 4, 40, 41, 42, 43, 44, 45, 46, 47, 48, 49, 5, 50, 51, 52, 53, 54, 55, 56, 57, 58, 59, 6, 60, 61, 62, 63, 64, 65, 66, 67, 68, 69, 7, 70, 71, 72, 73, 74, 75, 76, 77, 78, 79, 8, 80, 81, 82, 83, 84, 85, 86, 87, 88, 89, 9, 90, 91, 92, 93, 94, 95, 96, 97, 98, 99
мотолог: 75
мочь: 100, 24, 29, 46, 48, 55, 57, 64, 75, 99
мощный: 33
мощь: 21, 25, 48
мститель: 48
музыка: 86
музыкальный: 32
мутный: 73
мучиться: 95
мы: 73
мыло: 41
мысль: 22, 27, 29
наблюдение: 33
набор: 50
набрать: 36
наверное: 46, 49, 53, 58, 59, 74, 94
наверняка: 24, 73
навигация: 40
навсегда: 70, 71
нагрузка: 35
наделяев: 70, 71
надеяться: 24, 28, 30, 82
нажатие: 36, 54
нажать: 24, 27, 28, 36, 37, 48
назад: 51, 56
название: 92
назначить: 99
наиболее: 97
найти: 40, 65, 66, 67
наконец: 85
наличие: 41, 46
намерить: 30
наносить: 73
написание: 83
написать: 1, 10, 100, 11, 12, 13, 14, 15, 16, 17, 18, 19, 2, 20, 21, 22, 23, 24, 25, 26, 27, 28, 29, 3, 30, 31, 32, 33, 34, 35, 36, 37, 38, 39, 4, 40, 41, 42, 43, 44, 45, 46, 47, 48, 49, 5, 50, 51, 52, 53, 54, 55, 56, 57, 58, 59, 6, 60, 61, 62, 63, 64, 65, 66, 67, 68, 69, 7, 70, 71, 72, 73, 74, 75, 76, 77, 78, 79, 8, 80, 81, 82, 83, 84, 85, 86, 87, 88, 89, 9, 90, 91, 92, 93, 94, 95, 96, 97, 98, 99
напиток: 34
наполнение: 4
напомнить: 55
направить: 48
направление: 12, 97
направлять: 34
например: 23, 34, 38, 40, 46, 48, 50, 52, 73, 74, 80, 99
наравне: 32
нарисовать: 40
народ: 61
народный: 48, 55
население: 53
насколько: 21, 3, 74, 77
настоящий: 50, 55
настройка: 1, 10, 100, 11, 12, 13, 14, 15, 16, 17, 18, 19, 2, 20, 21, 22, 23, 24, 25, 26, 27, 28, 29, 3, 30, 31, 32, 33, 34, 35, 36, 37, 38, 39, 4, 40, 41, 42, 43, 44, 45, 46, 47, 48, 49, 5, 50, 51, 52, 53, 54, 55, 56, 57, 58, 59, 6, 60, 61, 62, 63, 64, 65, 66, 67, 68, 69, 7, 70, 71, 72, 73, 74, 75, 76, 77, 78, 79, 8, 80, 81, 82, 83, 84, 85, 86, 87, 88, 89, 9, 90, 91, 92, 93, 94, 95, 96, 97, 98, 99
наступить: 55
настя: 18
нативный: 1, 10, 100, 11, 12, 13, 14, 15, 16, 17, 18, 19, 2, 20, 21, 22, 23, 24, 25, 26, 27, 28, 29, 3, 30, 31, 32, 33, 34, 35, 36, 37, 38, 39, 4, 40, 41, 42, 43, 44, 45, 46, 47, 48, 49, 5, 50, 51, 52, 53, 54, 55, 56, 57, 58, 59, 6, 60, 61, 62, 63, 64, 65, 66, 67, 68, 69, 7, 70, 71, 72, 73, 74, 75, 76, 77, 78, 79, 8, 80, 81, 82, 83, 84, 85, 86, 87, 88, 89, 9, 90, 91, 92, 93, 94, 95, 96, 97, 98, 99
наткнуться: 57
натуральный: 48
наугад: 32, 46
научпоп: 1, 10, 100, 11, 12, 13, 14, 15, 16, 17, 18, 19, 2, 20, 21, 22, 23, 24, 25, 26, 27, 28, 29, 3, 30, 31, 32, 33, 34, 35, 36, 37, 38, 39, 4, 40, 41, 42, 43, 44, 45, 46, 47, 48, 49, 5, 50, 51, 52, 53, 54, 55, 56, 57, 58, 59, 6, 60, 61, 62, 63, 64, 65, 66, 67, 68, 69, 7, 70, 71, 72, 73, 74, 75, 76, 77, 78, 79, 8, 80, 81, 82, 83, 84, 85, 86, 87, 88, 89, 9, 90, 91, 92, 93, 94, 95, 96, 97, 98, 99
находиться: 34, 36, 43, 48, 55, 73
находка: 37
начало: 73
начать: 40, 80
начинать: 22, 40
начинаться: 23, 34
начинающий: 53
наш: 25, 57, 80, 89, 91
небольшой: 48
неведение: 95
невозможно: 33, 54
негатив: 40
негативный: 82
недавно: 25, 3, 34, 73
неделя: 23
недовольство: 94
недоделка: 2
недостаток: 55
недоступный: 95
недочетик: 43
недра: 55
нежели: 36
незаметно: 56
незамысловатый: 53
незнать: 47
неизбежный: 32
неинтересный: 46
некий: 11, 55, 66, 73, 74, 9
некоторый: 40, 80, 91
некрасиво: 80
некролог: 34
некуда: 52
нельзя: 36, 40, 41
неменее: 93
немного: 73, 74
немногое: 48
ненавидеть: 93
ненулевой: 89
необходимо: 34
необходимость: 33
необходимый: 32, 48
необязательно: 38
неограниченный: 34
неоднократно: 82
неожиданный: 6
непонравиться: 34
непонятно: 73
непривычно: 53
неприятный: 48
неработающий: 2
неразослать: 93
нереализуемый: 55
несколько: 21, 22, 33, 40, 55, 56, 6, 90
несложный: 53
несмотря: 5
несовершеннолетний: 30
несоизмеримый: 55
нести: 35
нетов: 48
нету: 72
неудивительный: 82
неудобно: 80
неужели: 66
неустранимый: 65
неуютный: 8
неформальный: 3
нигде: 73
нигма: 98
нижний: 53
никак: 76
никакой: 21
никита: 56
никогда: 24, 33, 46
никодим: 82, 95
никто: 22, 29, 40, 55, 61, 95
нишевый: 9
новгород: 53
новенький: 93
новиков: 83
новинка: 29
новичок: 75
новость: 1, 10, 100, 11, 12, 13, 14, 15, 16, 17, 18, 19, 2, 20, 21, 22, 23, 24, 25, 26, 27, 28, 29, 3, 30, 31, 32, 33, 34, 35, 36, 37, 38, 39, 4, 40, 41, 42, 43, 44, 45, 46, 47, 48, 49, 5, 50, 51, 52, 53, 54, 55, 56, 57, 58, 59, 6, 60, 61, 62, 63, 64, 65, 66, 67, 68, 69, 7, 70, 71, 72, 73, 74, 75, 76, 77, 78, 79, 8, 80, 81, 82, 83, 84, 85, 86, 87, 88, 89, 9, 90, 91, 92, 93, 94, 95, 96, 97, 98, 99
новотёк: 24
новый: 12, 23, 34, 55, 58, 68, 69, 8, 91
нога: 66
номер: 30, 32
носитель: 25
ночью: 91
нравиться: 27, 74
нужно: 11, 21, 29, 34, 54, 7, 74, 99
нужный: 25, 27, 36, 48, 52, 63
нью: 25
о: 2
обеспечить: 36, 48
обещать: 57, 73
обзор: 32, 33, 34, 52, 62
обидеть: 25
обкатать: 77
обладатель: 93
облазить: 65
облако: 1, 10, 100, 11, 12, 13, 14, 15, 16, 17, 18, 19, 2, 20, 21, 22, 23, 24, 25, 26, 27, 28, 29, 3, 30, 31, 32, 33, 34, 35, 36, 37, 38, 39, 4, 40, 41, 42, 43, 44, 45, 46, 47, 48, 49, 5, 50, 51, 52, 53, 54, 55, 56, 57, 58, 59, 6, 60, 61, 62, 63, 64, 65, 66, 67, 68, 69, 7, 70, 71, 72, 73, 74, 75, 76, 77, 78, 79, 8, 80, 81, 82, 83, 84, 85, 86, 87, 88, 89, 9, 90, 91, 92, 93, 94, 95, 96, 97, 98, 99
область: 1, 10, 100, 11, 12, 13, 14, 15, 16, 17, 18, 19, 2, 20, 21, 22, 23, 24, 25, 26, 27, 28, 29, 3, 30, 31, 32, 33, 34, 35, 36, 37, 38, 39, 4, 40, 41, 42, 43, 44, 45, 46, 47, 48, 49, 5, 50, 51, 52, 53, 54, 55, 56, 57, 58, 59, 6, 60, 61, 62, 63, 64, 65, 66, 67, 68, 69, 7, 70, 71, 72, 73, 74, 75, 76, 77, 78, 79, 8, 80, 81, 82, 83, 84, 85, 86, 87, 88, 89, 9, 90, 91, 92, 93, 94, 95, 96, 97, 98, 99
облачный: 1, 10, 100, 11, 12, 13, 14, 15, 16, 17, 18, 19, 2, 20, 21, 22, 23, 24, 25, 26, 27, 28, 29, 3, 30, 31, 32, 33, 34, 35, 36, 37, 38, 39, 4, 40, 41, 42, 43, 44, 45, 46, 47, 48, 49, 5, 50, 51, 52, 53, 54, 55, 56, 57, 58, 59, 6, 60, 61, 62, 63, 64, 65, 66, 67, 68, 69, 7, 70, 71, 72, 73, 74, 75, 76, 77, 78, 79, 8, 80, 81, 82, 83, 84, 85, 86, 87, 88, 89, 9, 90, 91, 92, 93, 94, 95, 96, 97, 98, 99
облом: 57
обломать: 57
обмен: 30
обнаружить: 63, 96
обновить: 1, 10, 100, 11, 12, 13, 14, 15, 16, 17, 18, 19, 2, 20, 21, 22, 23, 24, 25, 26, 27, 28, 29, 3, 30, 31, 32, 33, 34, 35, 36, 37, 38, 39, 4, 40, 41, 42, 43, 44, 45, 46, 47, 48, 49, 5, 50, 51, 52, 53, 54, 55, 56, 57, 58, 59, 6, 60, 61, 62, 63, 64, 65, 66, 67, 68, 69, 7, 70, 71, 72, 73, 74, 75, 76, 77, 78, 79, 8, 80, 81, 82, 83, 84, 85, 86, 87, 88, 89, 9, 90, 91, 92, 93, 94, 95, 96, 97, 98, 99
обновление: 84
обновляться: 19, 31
обозначение: 14
оборот: 97
обрабатываться: 59
образ: 40, 74
образовательный: 1, 10, 100, 11, 12, 13, 14, 15, 16, 17, 18, 19, 2, 20, 21, 22, 23, 24, 25, 26, 27, 28, 29, 3, 30, 31, 32, 33, 34, 35, 36, 37, 38, 39, 4, 40, 41, 42, 43, 44, 45, 46, 47, 48, 49, 5, 50, 51, 52, 53, 54, 55, 56, 57, 58, 59, 6, 60, 61, 62, 63, 64, 65, 66, 67, 68, 69, 7, 70, 71, 72, 73, 74, 75, 76, 77, 78, 79, 8, 80, 81, 82, 83, 84, 85, 86, 87, 88, 89, 9, 90, 91, 92, 93, 94, 95, 96, 97, 98, 99
обратить: 74
обращаться: 1
обрушиться: 82
обслуживание: 22
обстоять: 22
обсудить: 29, 99
обсуждать: 68, 69
обсуждение: 24, 27, 55
обучение: 1, 10, 100, 11, 12, 13, 14, 15, 16, 17, 18, 19, 2, 20, 21, 22, 23, 24, 25, 26, 27, 28, 29, 3, 30, 31, 32, 33, 34, 35, 36, 37, 38, 39, 4, 40, 41, 42, 43, 44, 45, 46, 47, 48, 49, 5, 50, 51, 52, 53, 54, 55, 56, 57, 58, 59, 6, 60, 61, 62, 63, 64, 65, 66, 67, 68, 69, 7, 70, 71, 72, 73, 74, 75, 76, 77, 78, 79, 8, 80, 81, 82, 83, 84, 85, 86, 87, 88, 89, 9, 90, 91, 92, 93, 94, 95, 96, 97, 98, 99
общаться: 66, 99
общеизвестный: 55
общение: 28, 32, 35
общественный: 95
общий: 29, 66, 76, 9, 91, 92
общность: 48
объединиться: 48
объект: 41
объём: 56
обычный: 48, 50
обязательность: 46
ограниченный: 55
ограничивать: 60, 77
огромный: 56, 9
один: 1, 14, 22, 24, 29, 34, 36, 54, 55, 56, 6, 74, 77, 79, 93, 99
одинаковый: 54
однако: 22, 56, 73
одновременно: 32
однородный: 9
оживить: 21
ожидать: 22, 76
озадачить: 78
ознакомиться: 28
означать: 28, 42
оказаться: 53
оказываться: 32, 49
окно: 25
около: 97
он: 55
она: 54, 73
они: 55, 68, 74, 99
онлайн: 1, 10, 100, 11, 12, 13, 14, 15, 16, 17, 18, 19, 2, 20, 21, 22, 23, 24, 25, 26, 27, 28, 29, 3, 30, 31, 32, 33, 34, 35, 36, 37, 38, 39, 4, 40, 41, 42, 43, 44, 45, 46, 47, 48, 49, 5, 50, 51, 52, 53, 54, 55, 56, 57, 58, 59, 6, 60, 61, 62, 63, 64, 65, 66, 67, 68, 69, 7, 70, 71, 72, 73, 74, 75, 76, 77, 78, 79, 8, 80, 81, 82, 83, 84, 85, 86, 87, 88, 89, 9, 90, 91, 92, 93, 94, 95, 96, 97, 98, 99
онлайновый: 33
оно: 36, 48, 7
ооо: 97
оператор: 30, 97
операционный: 23
опечатка: 76, 80
описание: 50
описать: 42, 74
описывать: 34
оплата: 55, 87
оплачивать: 55
оправдать: 74
определяться: 35
опрос: 89
оптимист: 73
опубликовать: 3, 76, 86
опускать: 74
опустить: 72, 88
опыт: 40, 46, 73
опытный: 67
организация: 48
организовать: 24, 40, 56, 65
оружие: 40, 48
орфография: 78
освоить: 50
основатель: 34
основать: 38, 50
основное: 32, 6
основной: 33, 34, 50
основный: 32
особенно: 25
осознавать: 48
осознание: 48
осознать: 29
оставаться: 95
оставить: 49, 67
остальной: 21, 34, 47, 80
остаток: 55
остаться: 1, 34, 53, 93
осуществить: 34
отбивать: 56
ответ: 1, 21, 26, 28, 29, 49, 58, 59, 70, 71, 73
ответить: 21, 46, 49, 56, 73, 81
ответный: 28, 73
отвечать: 48, 73, 91
отвратительный: 22
отдавать: 55, 77
отдаваться: 19
отдельный: 56, 9
отдых: 57
отечественный: 62
отзыв: 23
откладывать: 82
откладываться: 82
отклик: 48
открытие: 92
открытый: 23, 50, 73
открыть: 1, 10, 100, 11, 12, 13, 14, 15, 16, 17, 18, 19, 2, 20, 21, 22, 23, 24, 25, 26, 27, 28, 29, 3, 30, 31, 32, 33, 34, 35, 36, 37, 38, 39, 4, 40, 41, 42, 43, 44, 45, 46, 47, 48, 49, 5, 50, 51, 52, 53, 54, 55, 56, 57, 58, 59, 6, 60, 61, 62, 63, 64, 65, 66, 67, 68, 69, 7, 70, 71, 72, 73, 74, 75, 76, 77, 78, 79, 8, 80, 81, 82, 83, 84, 85, 86, 87, 88, 89, 9, 90, 91, 92, 93, 94, 95, 96, 97, 98, 99
откуда: 9
отличаться: 2, 29, 48
отличие: 46, 69
отлично: 29
отменить: 77
отметиться: 46
отмечаться: 97
отнекиваться: 73
относительный: 55
относиться: 80
отношение: 48, 73, 9
отображать: 48
отобрать: 32
отправить: 1, 10, 100, 11, 12, 13, 14, 15, 16, 17, 18, 19, 2, 20, 21, 22, 23, 24, 25, 26, 27, 28, 29, 3, 30, 31, 32, 33, 34, 35, 36, 37, 38, 39, 4, 40, 41, 42, 43, 44, 45, 46, 47, 48, 49, 5, 50, 51, 52, 53, 54, 55, 56, 57, 58, 59, 6, 60, 61, 62, 63, 64, 65, 66, 67, 68, 69, 7, 70, 71, 72, 73, 74, 75, 76, 77, 78, 79, 8, 80, 81, 82, 83, 84, 85, 86, 87, 88, 89, 9, 90, 91, 92, 93, 94, 95, 96, 97, 98, 99
отражаться: 18
отрицательный: 35
отслеживать: 30, 48
отслеживаться: 24
отставать: 32
отстраиваться: 48
отсутствие: 33, 53
отсутствовать: 2, 55
отсюда: 24, 80
отчаянно: 73
отчечественный: 62
отчёт: 55, 94, 98
офис: 100
официальный: 50, 82
офлайн: 1, 10, 100, 11, 12, 13, 14, 15, 16, 17, 18, 19, 2, 20, 21, 22, 23, 24, 25, 26, 27, 28, 29, 3, 30, 31, 32, 33, 34, 35, 36, 37, 38, 39, 4, 40, 41, 42, 43, 44, 45, 46, 47, 48, 49, 5, 50, 51, 52, 53, 54, 55, 56, 57, 58, 59, 6, 60, 61, 62, 63, 64, 65, 66, 67, 68, 69, 7, 70, 71, 72, 73, 74, 75, 76, 77, 78, 79, 8, 80, 81, 82, 83, 84, 85, 86, 87, 88, 89, 9, 90, 91, 92, 93, 94, 95, 96, 97, 98, 99
офлайновый: 48
охота: 55
оценить: 55
оценка: 35, 56, 74
очевидный: 29, 74
очень: 25, 28, 36, 40, 46, 53, 55, 56, 58, 6, 66, 70, 71, 76, 81
очередной: 82, 84
очередь: 50, 55
очетественный: 62
ошибаться: 55
ошибиться: 25
ошибка: 14, 2, 76, 78, 80
ошибочно: 67
ошибочный: 48
ощущение: 40, 5
павел: 5, 6
падать: 48, 98
падение: 98
пакет: 82
панелька: 35
папка: 24
пара: 29, 35, 77
параллельный: 76
париж: 34
пароль: 39, 41, 79, 80
партнерски: 56
партнёр: 3, 34
партнёрский: 56
партнёрство: 73
пассивный: 33
патайя: 57
пенсионер: 34
пенсия: 34
первый: 11, 12, 25, 32, 34, 35, 36, 4, 50, 53, 55, 56, 61, 75, 77, 79, 86, 9, 91, 97, 99
переадресовать: 43
переварить: 89
перевести: 52
перевод: 52
переводить: 32
переехать: 34
перекодировка: 38
перемещение: 40
переосмыслить: 50
переставать: 48
переход: 73, 98
переходить: 68
перечень: 50
период: 22, 97
перл: 42
персонал: 1, 10, 100, 11, 12, 13, 14, 15, 16, 17, 18, 19, 2, 20, 21, 22, 23, 24, 25, 26, 27, 28, 29, 3, 30, 31, 32, 33, 34, 35, 36, 37, 38, 39, 4, 40, 41, 42, 43, 44, 45, 46, 47, 48, 49, 5, 50, 51, 52, 53, 54, 55, 56, 57, 58, 59, 6, 60, 61, 62, 63, 64, 65, 66, 67, 68, 69, 7, 70, 71, 72, 73, 74, 75, 76, 77, 78, 79, 8, 80, 81, 82, 83, 84, 85, 86, 87, 88, 89, 9, 90, 91, 92, 93, 94, 95, 96, 97, 98, 99
персональный: 24
перспективный: 34
песочница: 1, 10, 100, 11, 12, 13, 14, 15, 16, 17, 18, 19, 2, 20, 21, 22, 23, 24, 25, 26, 27, 28, 29, 3, 30, 31, 32, 33, 34, 35, 36, 37, 38, 39, 4, 40, 41, 42, 43, 44, 45, 46, 47, 48, 49, 5, 50, 51, 52, 53, 54, 55, 56, 57, 58, 59, 6, 60, 61, 62, 63, 64, 65, 66, 67, 68, 69, 7, 70, 71, 72, 73, 74, 75, 76, 77, 78, 79, 8, 80, 81, 82, 83, 84, 85, 86, 87, 88, 89, 9, 90, 91, 92, 93, 94, 95, 96, 97, 98, 99
петербург: 56
печально: 96
печатать: 32
печатный: 34
пиар: 34
пиарить: 3
пингбек: 20
пират: 32
писать: 1, 2, 29, 33, 52, 58, 80, 99
письмо: 59, 70, 71, 79, 93
пихтый: 40, 46, 48, 53, 55
план: 56, 97
планета: 32, 34
планировать: 11, 4
планироваться: 93
платить: 39
платный: 66
платёж: 55
платёжный: 55
плачевный: 21
плеер: 86
плоскость: 40
плохо: 63, 66
плохой: 22, 29, 45
площадка: 34
плюс: 24, 35
победа: 48
победитель: 34, 48
побочный: 48, 55
побродить: 46
поведение: 32
повернуть: 92
поверхность: 25, 48
повесить: 100
повод: 24, 48, 62, 66
повсеместный: 22
повторить: 30
повторять: 34, 74
повысить: 56
повыситься: 91
подвести: 54
подводный: 21
подготовить: 95
поддержать: 24, 27, 28, 37, 48
поддержка: 1, 10, 100, 11, 12, 13, 14, 15, 16, 17, 18, 19, 2, 20, 21, 22, 23, 24, 25, 26, 27, 28, 29, 3, 30, 31, 32, 33, 34, 35, 36, 37, 38, 39, 4, 40, 41, 42, 43, 44, 45, 46, 47, 48, 49, 5, 50, 51, 52, 53, 54, 55, 56, 57, 58, 59, 6, 60, 61, 62, 63, 64, 65, 66, 67, 68, 69, 7, 70, 71, 72, 73, 74, 75, 76, 77, 78, 79, 8, 80, 81, 82, 83, 84, 85, 86, 87, 88, 89, 9, 90, 91, 92, 93, 94, 95, 96, 97, 98, 99
поделать: 73
подкаст: 23, 27, 4, 61, 62
подкастер: 65
подкастинг: 23, 27, 66
подключить: 55
поднимать: 74
поднять: 74
подняться: 74
подобный: 34, 48, 56, 62, 70, 71, 73
подписаться: 1, 10, 100, 11, 12, 13, 14, 15, 16, 17, 18, 19, 2, 20, 21, 22, 23, 24, 25, 26, 27, 28, 29, 3, 30, 31, 32, 33, 34, 35, 36, 37, 38, 39, 4, 40, 41, 42, 43, 44, 45, 46, 47, 48, 49, 5, 50, 51, 52, 53, 54, 55, 56, 57, 58, 59, 6, 60, 61, 62, 63, 64, 65, 66, 67, 68, 69, 7, 70, 71, 72, 73, 74, 75, 76, 77, 78, 79, 8, 80, 81, 82, 83, 84, 85, 86, 87, 88, 89, 9, 90, 91, 92, 93, 94, 95, 96, 97, 98, 99
подразумевать: 52
подрастить: 91
подробно: 33, 34
подробность: 20, 93
подростковый: 30
подросток: 32
подручный: 53
подсесть: 73
подсила: 50
подслушивать: 66
подсчитать: 94
подсчёт: 74
подтверждать: 33
подумать: 100, 36, 40, 86, 9
подход: 33, 9
подходить: 1, 34
подходящий: 66, 80
пожаловаться: 22
пожалуй: 80
пожалуйста: 39
пожелание: 61
позволить: 20
поздний: 24, 32
поздно: 70, 71
позиция: 22, 34, 56
познакомиться: 55
позыв: 80
поиск: 1, 10, 100, 11, 12, 13, 14, 15, 16, 17, 18, 19, 2, 20, 21, 22, 23, 24, 25, 26, 27, 28, 29, 3, 30, 31, 32, 33, 34, 35, 36, 37, 38, 39, 4, 40, 41, 42, 43, 44, 45, 46, 47, 48, 49, 5, 50, 51, 52, 53, 54, 55, 56, 57, 58, 59, 6, 60, 61, 62, 63, 64, 65, 66, 67, 68, 69, 7, 70, 71, 72, 73, 74, 75, 76, 77, 78, 79, 8, 80, 81, 82, 83, 84, 85, 86, 87, 88, 89, 9, 90, 91, 92, 93, 94, 95, 96, 97, 98, 99
поисковик: 21, 98
поисковый: 56
пойти: 93
пока: 67, 68, 78
показ: 96
показать: 1, 10, 100, 11, 12, 13, 14, 15, 16, 17, 18, 19, 2, 20, 21, 22, 23, 24, 25, 26, 27, 28, 29, 3, 30, 31, 32, 33, 34, 35, 36, 37, 38, 39, 4, 40, 41, 42, 43, 44, 45, 46, 47, 48, 49, 5, 50, 51, 52, 53, 54, 55, 56, 57, 58, 59, 6, 60, 61, 62, 63, 64, 65, 66, 67, 68, 69, 7, 70, 71, 72, 73, 74, 75, 76, 77, 78, 79, 8, 80, 81, 82, 83, 84, 85, 86, 87, 88, 89, 9, 90, 91, 92, 93, 94, 95, 96, 97, 98, 99
показывать: 36
покрывать: 48
покупатель: 21
покупать: 22, 94
покупка: 94
пол: 32
поле: 36, 58
полететь: 34
поллучиться: 25
полный: 34, 46, 50, 66, 77
положение: 33, 35
положительный: 35, 88, 91
полочка: 46
получать: 21, 34
получаться: 48, 6
получение: 55, 99
получить: 53, 55, 56, 70, 71
получиться: 53, 6
пользователь: 10, 11, 12, 13, 14, 16, 17, 18, 2, 20, 22, 24, 25, 26, 27, 28, 29, 30, 31, 32, 33, 34, 35, 36, 37, 39, 40, 41, 43, 45, 46, 47, 48, 49, 5, 50, 51, 52, 53, 54, 55, 56, 57, 58, 59, 6, 60, 61, 62, 63, 66, 67, 69, 7, 70, 71, 72, 73, 74, 76, 78, 8, 81, 82, 83, 84, 85, 86, 87, 88, 9, 91, 92, 93, 94, 95, 96, 97, 99
пользовательский: 11, 76
пользоваться: 32, 55, 56, 6, 65
поменять: 35
померкнуть: 66
поместить: 29, 52
пометить: 25
пометка: 8
помимо: 97
помнить: 32
помогать: 34
помочь: 48
понажимать: 46
понедельник: 87, 88
понимать: 74, 77, 92, 95
понравиться: 25
понятие: 29
понятно: 28, 73, 74, 80
понятный: 33
понять: 28
поощрение: 50
поп: 25
попадать: 24, 43, 96
попадаться: 37
попасть: 53, 56, 92
попробовать: 46, 83
попугай: 53
популярность: 27, 53, 6
популярный: 34, 36, 55, 56, 6, 74, 86
попытаться: 95
попытка: 40
пора: 48, 55
порно: 53
порнография: 38
порог: 91
порядок: 46
посему: 1
посетитель: 21
посещаемость: 32
поскольку: 1, 23, 34
последний: 22, 33, 46, 47
последующий: 54
посмотреть: 28, 46, 48, 53
посредством: 32
пост: 19, 26, 54, 7, 74, 76
поставить: 35
постинг: 83
постоянно: 41
постоянный: 56
пострадать: 35, 73
посыл: 33
потенциал: 29
потерять: 98
потечь: 73
поток: 1, 10, 100, 11, 12, 13, 14, 15, 16, 17, 18, 19, 2, 20, 21, 22, 23, 24, 25, 26, 27, 28, 29, 3, 30, 31, 32, 33, 34, 35, 36, 37, 38, 39, 4, 40, 41, 42, 43, 44, 45, 46, 47, 48, 49, 5, 50, 51, 52, 53, 54, 55, 56, 57, 58, 59, 6, 60, 61, 62, 63, 64, 65, 66, 67, 68, 69, 7, 70, 71, 72, 73, 74, 75, 76, 77, 78, 79, 8, 80, 81, 82, 83, 84, 85, 86, 87, 88, 89, 9, 90, 91, 92, 93, 94, 95, 96, 97, 98, 99
потратить: 40, 66
потребитель: 82
потребительский: 32
потребоваться: 30
поудалять: 46
пофантазировать: 46
похмельный: 88
похоже: 98
похожий: 1, 10, 100, 11, 12, 13, 14, 15, 16, 17, 18, 19, 2, 20, 21, 22, 23, 24, 25, 26, 27, 28, 29, 3, 30, 31, 32, 33, 34, 35, 36, 37, 38, 39, 4, 40, 41, 42, 43, 44, 45, 46, 47, 48, 49, 5, 50, 51, 52, 53, 54, 55, 56, 57, 58, 59, 6, 60, 61, 62, 63, 64, 65, 66, 67, 68, 69, 7, 70, 71, 72, 73, 74, 75, 76, 77, 78, 79, 8, 80, 81, 82, 83, 84, 85, 86, 87, 88, 89, 9, 90, 91, 92, 93, 94, 95, 96, 97, 98, 99
почему: 21, 24, 26, 28, 31, 32, 36, 41, 45, 55, 6, 69, 73, 8, 83, 9
почитать: 28, 68
почта: 26, 38, 41, 59, 93
почти: 29, 32, 34, 74, 77
почтовый: 95
почувствовать: 48
поэтому: 23, 33, 40
появиться: 46, 81, 99
появляться: 68, 95
правда: 81
правило: 30, 50, 73
правильно: 29, 34
правильный: 33, 34
править: 80
право: 99
правозащитный: 48
правый: 21
практика: 74
практически: 21, 22, 50
практический: 34
преведа: 92
превратить: 48, 89
предать: 73
предлагать: 11, 28, 62
предлагаться: 34, 48
предложение: 28, 61, 8
предложить: 32, 82
предмет: 30
предметный: 9
предоставить: 73
предполагаться: 24, 34, 66
предпочитать: 27
предпочта: 27
предпочтение: 11, 27
предсказуемый: 46
представить: 55
представление: 24, 40, 46
представлять: 40, 50
преждевременный: 83
прелесть: 66
премодерация: 91
преподаватель: 56
пресса: 32, 33, 34, 52
преступление: 25
приближаться: 34
приблизительно: 55
привезти: 57
привет: 1, 100, 24, 54, 67, 97, 99
приветствовать: 49
привлекательность: 48
привлекательный: 46
привлекать: 32
привлечь: 1, 10, 100, 11, 12, 13, 14, 15, 16, 17, 18, 19, 2, 20, 21, 22, 23, 24, 25, 26, 27, 28, 29, 3, 30, 31, 32, 33, 34, 35, 36, 37, 38, 39, 4, 40, 41, 42, 43, 44, 45, 46, 47, 48, 49, 5, 50, 51, 52, 53, 54, 55, 56, 57, 58, 59, 6, 60, 61, 62, 63, 64, 65, 66, 67, 68, 69, 7, 70, 71, 72, 73, 74, 75, 76, 77, 78, 79, 8, 80, 81, 82, 83, 84, 85, 86, 87, 88, 89, 9, 90, 91, 92, 93, 94, 95, 96, 97, 98, 99
приводить: 32, 87
привычно: 48
привычный: 67
приглашение: 48
приготовиться: 32
придерживаться: 36
придумать: 25, 29, 55
призвать: 33
признак: 57, 9
признательный: 23
прийти: 48, 66
прийтись: 48
прикольно: 46
прикрутить: 91, 93
применение: 50, 55
применять: 25, 50
пример: 12, 24, 25, 32, 36, 38, 43, 55
примерно: 29
примерный: 61
принадлежать: 100, 29
принести: 73
принимать: 20
принцип: 22, 50, 55, 7
принципиально: 65
принятие: 20
присниться: 64
присоединиться: 48, 99
присутсвовать: 36
присутствие: 57
присутствовать: 59
присылать: 34, 59
приходить: 26, 38, 49, 59, 70, 71, 79
приходиться: 68
причина: 21, 74, 95
причём: 36, 48, 92
проанализировать: 52
проблема: 35, 50, 55, 74, 77, 82, 84, 95
пробовать: 21
провайдер: 55
провал: 48
проведение: 56
проверить: 53, 95
провести: 3, 53, 56
проводить: 90
проводиться: 56
провоцировать: 58
проглотить: 33
прогнозировать: 48
проголосовать: 68
программа: 1, 10, 100, 11, 12, 13, 14, 15, 16, 17, 18, 19, 2, 20, 21, 22, 23, 24, 25, 26, 27, 28, 29, 3, 30, 31, 32, 33, 34, 35, 36, 37, 38, 39, 4, 40, 41, 42, 43, 44, 45, 46, 47, 48, 49, 5, 50, 51, 52, 53, 54, 55, 56, 57, 58, 59, 6, 60, 61, 62, 63, 64, 65, 66, 67, 68, 69, 7, 70, 71, 72, 73, 74, 75, 76, 77, 78, 79, 8, 80, 81, 82, 83, 84, 85, 86, 87, 88, 89, 9, 90, 91, 92, 93, 94, 95, 96, 97, 98, 99
программирование: 66
программист: 91
программка: 48
программный: 55
прогресс: 56
продажа: 22, 39, 55, 56, 60, 97
продвигать: 32, 34
продвижение: 34, 56
продержаться: 91
продолжать: 89
продукт: 32, 82
продюсер: 32
проект: 1, 10, 100, 11, 12, 13, 14, 15, 16, 17, 18, 19, 2, 20, 21, 22, 23, 24, 25, 26, 27, 28, 29, 3, 30, 31, 32, 33, 34, 35, 36, 37, 38, 39, 4, 40, 41, 42, 43, 44, 45, 46, 47, 48, 49, 5, 50, 51, 52, 53, 54, 55, 56, 57, 58, 59, 6, 60, 61, 62, 63, 64, 65, 66, 67, 68, 69, 7, 70, 71, 72, 73, 74, 75, 76, 77, 78, 79, 8, 80, 81, 82, 83, 84, 85, 86, 87, 88, 89, 9, 90, 91, 92, 93, 94, 95, 96, 97, 98, 99
произвести: 55
производительность: 99
производить: 55
происходить: 5, 53, 55, 6, 80
пройти: 36, 55
пролетариат: 48
проливать: 48
промоутировать: 32
промый: 100
пропустить: 25
просить: 35, 55, 67, 80, 83
проскакивать: 82
просмотр: 1, 10, 100, 11, 12, 13, 14, 15, 16, 17, 18, 19, 2, 20, 21, 22, 23, 24, 25, 26, 27, 28, 29, 3, 30, 31, 32, 33, 34, 35, 36, 37, 38, 39, 4, 40, 41, 42, 43, 44, 45, 46, 47, 48, 49, 5, 50, 51, 52, 53, 54, 55, 56, 57, 58, 59, 6, 60, 61, 62, 63, 64, 65, 66, 67, 68, 69, 7, 70, 71, 72, 73, 74, 75, 76, 77, 78, 79, 8, 80, 81, 82, 83, 84, 85, 86, 87, 88, 89, 9, 90, 91, 92, 93, 94, 95, 96, 97, 98, 99
просмотреть: 8
просто: 21, 22, 28, 29, 36, 4, 46, 55, 73, 83
простой: 21, 27, 33, 50, 53, 55, 63, 74
простота: 48
против: 48, 9
противный: 48
протокол: 6
профайл: 76
профессионал: 46, 66
профессиональный: 56
профиль: 10, 11, 27, 30, 63, 77, 79, 80
профит: 39
проходить: 91
прочее: 24
прочесть: 33
прочитать: 24, 28, 30, 34, 46
прочтение: 1, 10, 100, 11, 12, 13, 14, 15, 16, 17, 18, 19, 2, 20, 21, 22, 23, 24, 25, 26, 27, 28, 29, 3, 30, 31, 32, 33, 34, 35, 36, 37, 38, 39, 4, 40, 41, 42, 43, 44, 45, 46, 47, 48, 49, 5, 50, 51, 52, 53, 54, 55, 56, 57, 58, 59, 6, 60, 61, 62, 63, 64, 65, 66, 67, 68, 69, 7, 70, 71, 72, 73, 74, 75, 76, 77, 78, 79, 8, 80, 81, 82, 83, 84, 85, 86, 87, 88, 89, 9, 90, 91, 92, 93, 94, 95, 96, 97, 98, 99
прошлый: 22
прощение: 35, 83
прямой: 32, 33
прятать: 33
публикация: 1, 10, 100, 11, 12, 13, 14, 15, 16, 17, 18, 19, 2, 20, 21, 22, 23, 24, 25, 26, 27, 28, 29, 3, 30, 31, 32, 33, 34, 35, 36, 37, 38, 39, 4, 40, 41, 42, 43, 44, 45, 46, 47, 48, 49, 5, 50, 51, 52, 53, 54, 55, 56, 57, 58, 59, 6, 60, 61, 62, 63, 64, 65, 66, 67, 68, 69, 7, 70, 71, 72, 73, 74, 75, 76, 77, 78, 79, 8, 80, 81, 82, 83, 84, 85, 86, 87, 88, 89, 9, 90, 91, 92, 93, 94, 95, 96, 97, 98, 99
публиковать: 21, 23, 4, 81
публичный: 23
пук: 40
пуск: 48
пускай: 36
путаться: 36
путешествовать: 34
путь: 89
пытаться: 25, 95
пытка: 48
пятидневный: 56
пять: 32
работа: 21, 40, 46, 50, 55, 65, 83, 84
работат: 10
работать: 10, 23, 24, 56, 74, 80, 83, 93
рабочий: 95
равно: 1, 83
рад: 28
радость: 48
развиватель: 38, 42, 77, 79
развитие: 34
раздел: 1, 10, 100, 11, 12, 13, 14, 15, 16, 17, 18, 19, 2, 20, 21, 22, 23, 24, 25, 26, 27, 28, 29, 3, 30, 31, 32, 33, 34, 35, 36, 37, 38, 39, 4, 40, 41, 42, 43, 44, 45, 46, 47, 48, 49, 5, 50, 51, 52, 53, 54, 55, 56, 57, 58, 59, 6, 60, 61, 62, 63, 64, 65, 66, 67, 68, 69, 7, 70, 71, 72, 73, 74, 75, 76, 77, 78, 79, 8, 80, 81, 82, 83, 84, 85, 86, 87, 88, 89, 9, 90, 91, 92, 93, 94, 95, 96, 97, 98, 99
разделить: 99
разлогинивание: 5
разложить: 46
разместить: 48, 55
разметить: 45, 50
разметка: 50
размещать: 36
размещаться: 35
размещение: 34
размышлять: 89
разнести: 48
разный: 40, 55
разобраться: 2, 74
разослать: 48, 93
разрабатывать: 33, 50
разработка: 1, 10, 100, 11, 12, 13, 14, 15, 16, 17, 18, 19, 2, 20, 21, 22, 23, 24, 25, 26, 27, 28, 29, 3, 30, 31, 32, 33, 34, 35, 36, 37, 38, 39, 4, 40, 41, 42, 43, 44, 45, 46, 47, 48, 49, 5, 50, 51, 52, 53, 54, 55, 56, 57, 58, 59, 6, 60, 61, 62, 63, 64, 65, 66, 67, 68, 69, 7, 70, 71, 72, 73, 74, 75, 76, 77, 78, 79, 8, 80, 81, 82, 83, 84, 85, 86, 87, 88, 89, 9, 90, 91, 92, 93, 94, 95, 96, 97, 98, 99
разработчик: 15, 19, 44, 68, 98
разрез: 29
разрешить: 30
разсылай: 34
разум: 66
разумеется: 59, 93
ракета: 40
рамблер: 3
рамка: 9
рамон: 13, 86, 96
ранее: 8, 82
ранний: 100, 29, 40, 75, 84, 95
рано: 70, 71
раскладывание: 46
распространение: 48
распространить: 23
распространённость: 55
рассказ: 33
рассказать: 39, 55, 56, 80
рассматривать: 73
рассматриваться: 55
рассмотрение: 77
рассмотреть: 55
рассчитать: 56
рассылка: 95
расти: 56
расхотеться: 22
расцвет: 55
расценка: 16
расчитываться: 44
расчёт: 62
расширить: 11
рбк: 100
реагировать: 94
реакция: 54
реализовать: 46, 48, 7, 73
реалить: 34
реальный: 21, 48, 50, 55, 56, 73
ребята: 73
ревить: 52
революция: 55
регион: 6
региональный: 53, 6
регистрация: 1, 10, 100, 11, 12, 13, 14, 15, 16, 17, 18, 19, 2, 20, 21, 22, 23, 24, 25, 26, 27, 28, 29, 3, 30, 31, 32, 33, 34, 35, 36, 37, 38, 39, 4, 40, 41, 42, 43, 44, 45, 46, 47, 48, 49, 5, 50, 51, 52, 53, 54, 55, 56, 57, 58, 59, 6, 60, 61, 62, 63, 64, 65, 66, 67, 68, 69, 7, 70, 71, 72, 73, 74, 75, 76, 77, 78, 79, 8, 80, 81, 82, 83, 84, 85, 86, 87, 88, 89, 9, 90, 91, 92, 93, 94, 95, 96, 97, 98, 99
регулярный: 52, 89
редактирование: 36, 7
редактировать: 76
редирект: 100
редкий: 28
результат: 21, 28, 46, 91
резюме: 28, 50
резюмиро: 28
резюмирование: 28
резюмировать: 56
рейтинг: 1, 10, 100, 11, 12, 13, 14, 15, 16, 17, 18, 19, 2, 20, 21, 22, 23, 24, 25, 26, 27, 28, 29, 3, 30, 31, 32, 33, 34, 35, 36, 37, 38, 39, 4, 40, 41, 42, 43, 44, 45, 46, 47, 48, 49, 5, 50, 51, 52, 53, 54, 55, 56, 57, 58, 59, 6, 60, 61, 62, 63, 64, 65, 66, 67, 68, 69, 7, 70, 71, 72, 73, 74, 75, 76, 77, 78, 79, 8, 80, 81, 82, 83, 84, 85, 86, 87, 88, 89, 9, 90, 91, 92, 93, 94, 95, 96, 97, 98, 99
рейтинговый: 74
река: 73
реклама: 1, 10, 100, 11, 12, 13, 14, 15, 16, 17, 18, 19, 2, 20, 21, 22, 23, 24, 25, 26, 27, 28, 29, 3, 30, 31, 32, 33, 34, 35, 36, 37, 38, 39, 4, 40, 41, 42, 43, 44, 45, 46, 47, 48, 49, 5, 50, 51, 52, 53, 54, 55, 56, 57, 58, 59, 6, 60, 61, 62, 63, 64, 65, 66, 67, 68, 69, 7, 70, 71, 72, 73, 74, 75, 76, 77, 78, 79, 8, 80, 81, 82, 83, 84, 85, 86, 87, 88, 89, 9, 90, 91, 92, 93, 94, 95, 96, 97, 98, 99
рекламироваться: 21
рекламист: 33
рекламный: 32, 56
рекламодатель: 33, 34, 73
рекомендация: 11, 27
рекомендовать: 27
релиз: 82
реплика: 28
репортаж: 57
ресторан: 32
ресурс: 1, 10, 100, 11, 12, 13, 14, 15, 16, 17, 18, 19, 2, 20, 21, 22, 23, 24, 25, 26, 27, 28, 29, 3, 30, 31, 32, 33, 34, 35, 36, 37, 38, 39, 4, 40, 41, 42, 43, 44, 45, 46, 47, 48, 49, 5, 50, 51, 52, 53, 54, 55, 56, 57, 58, 59, 6, 60, 61, 62, 63, 64, 65, 66, 67, 68, 69, 7, 70, 71, 72, 73, 74, 75, 76, 77, 78, 79, 8, 80, 81, 82, 83, 84, 85, 86, 87, 88, 89, 9, 90, 91, 92, 93, 94, 95, 96, 97, 98, 99
рефёра: 39
речь: 40
решаться: 55, 77
решение: 27, 35, 50, 73
решить: 1, 32, 40, 55
рисовать: 48
риф: 56
робот: 21, 29
ровно: 74
род: 30
розничный: 97
ролик: 34, 38
роман: 22, 26, 54, 97
рорер: 96
росновский: 65
российский: 22, 6
россия: 100, 3, 39
россомахина: 45, 50, 51, 63
рост: 53, 97
ростов: 53
рощупкина: 15, 19, 44, 68
рубрика: 69
рудняев: 56
рука: 32
румянцев: 56
рунет: 22, 53, 73
руно: 22
рупоиск: 73
русский: 14
русскоязычный: 6, 9
рыбак: 41
рыдать: 73
рынок: 25, 3, 56, 66
рэнс: 32
рядовой: 55, 73
рядом: 35, 36, 55
сагалаев: 51
сайт: 1, 10, 100, 11, 12, 13, 14, 15, 16, 17, 18, 19, 2, 20, 21, 22, 23, 24, 25, 26, 27, 28, 29, 3, 30, 31, 32, 33, 34, 35, 36, 37, 38, 39, 4, 40, 41, 42, 43, 44, 45, 46, 47, 48, 49, 5, 50, 51, 52, 53, 54, 55, 56, 57, 58, 59, 6, 60, 61, 62, 63, 64, 65, 66, 67, 68, 69, 7, 70, 71, 72, 73, 74, 75, 76, 77, 78, 79, 8, 80, 81, 82, 83, 84, 85, 86, 87, 88, 89, 9, 90, 91, 92, 93, 94, 95, 96, 97, 98, 99
сайтик: 66
салага: 29
сам: 49, 55, 90, 92
самовыражение: 32
самопроизвольно: 5
самопроизвольный: 5
самостоятельно: 67
самый: 27, 34, 36, 73, 74, 80, 86, 91
сбк: 44, 74
сбор: 11
сборник: 1
свежевыпечь: 40
свежий: 89
сверхпопулярный: 74
свободный: 23, 55
свой: 18, 21, 24, 27, 30, 32, 34, 39, 40, 46, 48, 52, 56, 7, 82, 98
связанный: 74
связать: 33, 82
связь: 53, 73
сдавать: 22
сделать: 17, 19, 24, 27, 28, 35, 42, 46, 56, 57, 58, 61, 62, 67, 7, 73, 74, 76, 8, 93
себя: 50, 55
сегмент: 56
сегодня: 23, 3, 30, 46, 55, 64, 80, 91, 95, 96, 99
сезонность: 22
сей: 48, 66
сейчас: 10, 32, 34, 36, 39, 4, 52, 53, 56, 60, 65, 80
семинар: 55, 56
семь: 53
семён: 14, 16, 17, 20
сен: 70, 71, 72, 73, 74, 75, 76, 77, 78, 79
сентябрь: 34, 56
сервер: 48, 95
сервис: 24, 30, 48, 50, 6, 60, 62, 95
сергей: 39, 55, 56, 67
середина: 98
сериал: 25, 32
серия: 1, 10, 100, 11, 12, 13, 14, 15, 16, 17, 18, 19, 2, 20, 21, 22, 23, 24, 25, 26, 27, 28, 29, 3, 30, 31, 32, 33, 34, 35, 36, 37, 38, 39, 4, 40, 41, 42, 43, 44, 45, 46, 47, 48, 49, 5, 50, 51, 52, 53, 54, 55, 56, 57, 58, 59, 6, 60, 61, 62, 63, 64, 65, 66, 67, 68, 69, 7, 70, 71, 72, 73, 74, 75, 76, 77, 78, 79, 8, 80, 81, 82, 83, 84, 85, 86, 87, 88, 89, 9, 90, 91, 92, 93, 94, 95, 96, 97, 98, 99
серчинга: 25
серь: 38
серьёзный: 22
сетевой: 30, 34, 56
сеть: 11, 12, 30, 32, 33, 34, 40, 48, 6, 64, 70, 71, 9, 92
сигнал: 48
сидеть: 21
сиквел: 32
сила: 91
сильно: 17, 58, 73, 74
симметричный: 73
система: 23, 4, 55, 56, 66, 73, 74, 77, 99
ситуация: 95
скажем: 9
сказать: 24, 25, 28, 33, 40, 7, 93
скачать: 55, 61
сквоттерский: 100
склонность: 46
скобка: 19
сколько: 46, 48, 61
скорее: 33, 56
скоро: 32, 56
скорость: 84
скрин: 27
скриншот: 27
скрипт: 83
скрупулёзно: 32
скрывать: 77
скрываться: 46
скунс: 88
скучать: 46, 75
скучный: 89
слева: 65, 83
следствие: 32
следующий: 1, 11, 32, 53, 74
слезть: 73
сливать: 29, 52
слишком: 46
словно: 99
слово: 14, 35, 50, 66, 80, 92
сложность: 55
случай: 28, 30, 40, 73, 78, 9
случайно: 35, 53
слушать: 27, 61
слышать: 39
смежный: 32
смелый: 73
смена: 5
смешной: 38
смеяться: 29
сми: 11, 23, 48, 52
смирнов: 80
смит: 69
смотреть: 28, 44, 9
смотритель: 99
смочь: 27, 95
смущать: 9
смысл: 1, 46, 58, 59
смысловой: 35
сначала: 91
снежный: 1, 10, 100, 11, 12, 13, 14, 15, 16, 17, 18, 19, 2, 20, 21, 22, 23, 24, 25, 26, 27, 28, 29, 3, 30, 31, 32, 33, 34, 35, 36, 37, 38, 39, 4, 40, 41, 42, 43, 44, 45, 46, 47, 48, 49, 5, 50, 51, 52, 53, 54, 55, 56, 57, 58, 59, 6, 60, 61, 62, 63, 64, 65, 66, 67, 68, 69, 7, 70, 71, 72, 73, 74, 75, 76, 77, 78, 79, 8, 80, 81, 82, 83, 84, 85, 86, 87, 88, 89, 9, 90, 91, 92, 93, 94, 95, 96, 97, 98, 99
снизу: 99
сниться: 64
снова: 54
снять: 80
собираться: 29, 34, 56, 64
собрать: 34
собраться: 24
собственно: 36, 52, 74
собственноручно: 48
собственный: 32, 33, 49, 52, 73
событие: 1, 10, 100, 11, 12, 13, 14, 15, 16, 17, 18, 19, 2, 20, 21, 22, 23, 24, 25, 26, 27, 28, 29, 3, 30, 31, 32, 33, 34, 35, 36, 37, 38, 39, 4, 40, 41, 42, 43, 44, 45, 46, 47, 48, 49, 5, 50, 51, 52, 53, 54, 55, 56, 57, 58, 59, 6, 60, 61, 62, 63, 64, 65, 66, 67, 68, 69, 7, 70, 71, 72, 73, 74, 75, 76, 77, 78, 79, 8, 80, 81, 82, 83, 84, 85, 86, 87, 88, 89, 9, 90, 91, 92, 93, 94, 95, 96, 97, 98, 99
совершение: 48
совершенно: 23, 38, 92
совет: 23
совместно: 25
совокупный: 97
совпадение: 34
совпасть: 33, 53
согласно: 80, 91, 97
соглашение: 1, 10, 100, 11, 12, 13, 14, 15, 16, 17, 18, 19, 2, 20, 21, 22, 23, 24, 25, 26, 27, 28, 29, 3, 30, 31, 32, 33, 34, 35, 36, 37, 38, 39, 4, 40, 41, 42, 43, 44, 45, 46, 47, 48, 49, 5, 50, 51, 52, 53, 54, 55, 56, 57, 58, 59, 6, 60, 61, 62, 63, 64, 65, 66, 67, 68, 69, 7, 70, 71, 72, 73, 74, 75, 76, 77, 78, 79, 8, 80, 81, 82, 83, 84, 85, 86, 87, 88, 89, 9, 90, 91, 92, 93, 94, 95, 96, 97, 98, 99
содержание: 93
содержать: 59
содержимое: 30, 55
создавать: 32, 34, 9, 99
создаваться: 6, 66
создание: 42, 46, 56, 73, 9, 99
создатель: 66
создать: 33, 52, 66, 67, 99
созреть: 55
сокура: 3
сомнение: 48
сомнительно: 9
сомнительный: 32
сон: 64, 91
соображение: 96
сообразно: 45, 50
сообщаться: 82
сообщение: 1, 10, 100, 11, 12, 13, 14, 15, 16, 17, 18, 19, 2, 20, 21, 22, 23, 24, 25, 26, 27, 28, 29, 3, 30, 31, 32, 33, 34, 35, 36, 37, 38, 39, 4, 40, 41, 42, 43, 44, 45, 46, 47, 48, 49, 5, 50, 51, 52, 53, 54, 55, 56, 57, 58, 59, 6, 60, 61, 62, 63, 64, 65, 66, 67, 68, 69, 7, 70, 71, 72, 73, 74, 75, 76, 77, 78, 79, 8, 80, 81, 82, 83, 84, 85, 86, 87, 88, 89, 9, 90, 91, 92, 93, 94, 95, 96, 97, 98, 99
сообщество: 12, 30, 34, 70, 71, 9, 92, 99
соответсвенный: 55
соответствовать: 59
сопровождение: 3
сортировать: 44
сортировка: 53
состав: 85
составить: 97
составление: 1
составлять: 70, 71, 73
составной: 50
состояние: 66
состоять: 11
сотня: 73
сотрудник: 30
софт: 23
социализироваться: 32
социально: 34
социальный: 11, 12, 30, 32, 34, 6, 70, 71, 9, 92
социум: 34
спад: 22
спам: 46, 93
спамер: 93
спасибо: 24, 56, 66
спать: 91, 93
спец: 39
специалист: 25, 32, 36, 56
специальный: 30, 55
специфичный: 50
список: 1, 10, 100, 11, 12, 13, 14, 15, 16, 17, 18, 19, 2, 20, 21, 22, 23, 24, 25, 26, 27, 28, 29, 3, 30, 31, 32, 33, 34, 35, 36, 37, 38, 39, 4, 40, 41, 42, 43, 44, 45, 46, 47, 48, 49, 5, 50, 51, 52, 53, 54, 55, 56, 57, 58, 59, 6, 60, 61, 62, 63, 64, 65, 66, 67, 68, 69, 7, 70, 71, 72, 73, 74, 75, 76, 77, 78, 79, 8, 80, 81, 82, 83, 84, 85, 86, 87, 88, 89, 9, 90, 91, 92, 93, 94, 95, 96, 97, 98, 99
спонсор: 34
спорный: 74
способ: 40, 53, 74
справедливость: 48
справедливый: 68
спрашивать: 11, 46, 80
спросить: 21, 40
спрятаться: 73
спустя: 75
сравнение: 55, 97
сравнить: 40
сразу: 100, 48, 53, 55, 83, 9, 90
среда: 90
среди: 27, 32, 55, 56, 6, 83
средний: 74, 78
средство: 53, 55
ссср: 6
ссылаться: 20, 24
ссылка: 17, 21, 24, 25, 27, 36, 51, 60, 65, 68, 7, 80, 83
ставить: 91
ставрополь: 53
стагнация: 22
стадия: 34, 73
стандарт: 35
стандартный: 34
становиться: 35, 48, 55, 6, 99
старикан: 34
старт: 40
стартап: 1, 10, 100, 11, 12, 13, 14, 15, 16, 17, 18, 19, 2, 20, 21, 22, 23, 24, 25, 26, 27, 28, 29, 3, 30, 31, 32, 33, 34, 35, 36, 37, 38, 39, 4, 40, 41, 42, 43, 44, 45, 46, 47, 48, 49, 5, 50, 51, 52, 53, 54, 55, 56, 57, 58, 59, 6, 60, 61, 62, 63, 64, 65, 66, 67, 68, 69, 7, 70, 71, 72, 73, 74, 75, 76, 77, 78, 79, 8, 80, 81, 82, 83, 84, 85, 86, 87, 88, 89, 9, 90, 91, 92, 93, 94, 95, 96, 97, 98, 99
старший: 32
старый: 48, 73, 93
статистика: 11, 61, 63, 86, 98
статистический: 53
стать: 1, 10, 100, 11, 12, 13, 14, 15, 16, 17, 18, 19, 2, 20, 21, 22, 23, 24, 25, 26, 27, 28, 29, 3, 30, 31, 32, 33, 34, 35, 36, 37, 38, 39, 4, 40, 41, 42, 43, 44, 45, 46, 47, 48, 49, 5, 50, 51, 52, 53, 54, 55, 56, 57, 58, 59, 6, 60, 61, 62, 63, 64, 65, 66, 67, 68, 69, 7, 70, 71, 72, 73, 74, 75, 76, 77, 78, 79, 8, 80, 81, 82, 83, 84, 85, 86, 87, 88, 89, 9, 90, 91, 92, 93, 94, 95, 96, 97, 98, 99
статья: 1, 10, 100, 11, 12, 13, 14, 15, 16, 17, 18, 19, 2, 20, 21, 22, 23, 24, 25, 26, 27, 28, 29, 3, 30, 31, 32, 33, 34, 35, 36, 37, 38, 39, 4, 40, 41, 42, 43, 44, 45, 46, 47, 48, 49, 5, 50, 51, 52, 53, 54, 55, 56, 57, 58, 59, 6, 60, 61, 62, 63, 64, 65, 66, 67, 68, 69, 7, 70, 71, 72, 73, 74, 75, 76, 77, 78, 79, 8, 80, 81, 82, 83, 84, 85, 86, 87, 88, 89, 9, 90, 91, 92, 93, 94, 95, 96, 97, 98, 99
стенание: 73
стесняться: 24, 27, 28, 37
стиральный: 97
стих: 46
стоить: 73
столица: 53
столько: 48
сторннний: 20
сторона: 48, 55, 73
страна: 6
страница: 100, 17, 18, 2, 4, 41, 43, 46, 47, 60, 68, 8, 83, 91, 96, 99
странно: 18, 31, 48
странность: 40
странный: 40, 46, 48, 53, 55
стратегически: 34
страшилка: 3
стрельников: 62
стремиться: 34
стрим: 87
строгий: 29, 89
строить: 11, 34
строка: 43, 66
строчка: 56
структура: 40, 89
студия: 32, 56
стёб: 73
суббота: 87
судить: 100, 22, 23
судьба: 46
суметь: 91
сумма: 77, 89
суммарный: 35
суровый: 22
сутки: 1, 10, 100, 11, 12, 13, 14, 15, 16, 17, 18, 19, 2, 20, 21, 22, 23, 24, 25, 26, 27, 28, 29, 3, 30, 31, 32, 33, 34, 35, 36, 37, 38, 39, 4, 40, 41, 42, 43, 44, 45, 46, 47, 48, 49, 5, 50, 51, 52, 53, 54, 55, 56, 57, 58, 59, 6, 60, 61, 62, 63, 64, 65, 66, 67, 68, 69, 7, 70, 71, 72, 73, 74, 75, 76, 77, 78, 79, 8, 80, 81, 82, 83, 84, 85, 86, 87, 88, 89, 9, 90, 91, 92, 93, 94, 95, 96, 97, 98, 99
суть: 50
сухой: 55
существенно: 22
существовать: 50, 55
существующий: 50, 55, 83, 9
сфера: 32, 55, 56
сфокусировать: 34
схема: 55, 73
считать: 21, 34, 55, 63, 74, 77
считаться: 74
счёт: 22, 32, 55
сша: 32
сычёв: 55
сюда: 28, 29
сёрфер: 33, 73
таблица: 38, 53
таг: 14, 36, 69, 78, 83
таиланд: 57
также: 21, 34, 40, 46, 48, 55, 56, 80, 99
таки: 40, 65
таков: 88
таковой: 24, 40
такой: 1, 11, 19, 22, 23, 25, 28, 29, 30, 34, 38, 39, 40, 42, 46, 47, 48, 5, 53, 55, 56, 58, 63, 66, 67, 73, 74, 76, 9, 93, 94, 95
талант: 1, 10, 100, 11, 12, 13, 14, 15, 16, 17, 18, 19, 2, 20, 21, 22, 23, 24, 25, 26, 27, 28, 29, 3, 30, 31, 32, 33, 34, 35, 36, 37, 38, 39, 4, 40, 41, 42, 43, 44, 45, 46, 47, 48, 49, 5, 50, 51, 52, 53, 54, 55, 56, 57, 58, 59, 6, 60, 61, 62, 63, 64, 65, 66, 67, 68, 69, 7, 70, 71, 72, 73, 74, 75, 76, 77, 78, 79, 8, 80, 81, 82, 83, 84, 85, 86, 87, 88, 89, 9, 90, 91, 92, 93, 94, 95, 96, 97, 98, 99
таргетирование: 33
таргетированность: 32
таргетировать: 33, 34
татьяна: 76
тачпад: 54
тег: 1, 10, 100, 11, 12, 13, 14, 15, 16, 17, 18, 19, 2, 20, 21, 22, 23, 24, 25, 26, 27, 28, 29, 3, 30, 31, 32, 33, 34, 35, 36, 37, 38, 39, 4, 40, 41, 42, 43, 44, 45, 46, 47, 48, 49, 5, 50, 51, 52, 53, 54, 55, 56, 57, 58, 59, 6, 60, 61, 62, 63, 64, 65, 66, 67, 68, 69, 7, 70, 71, 72, 73, 74, 75, 76, 77, 78, 79, 8, 80, 81, 82, 83, 84, 85, 86, 87, 88, 89, 9, 90, 91, 92, 93, 94, 95, 96, 97, 98, 99
тейлор: 34
текст: 10, 24, 27, 4, 54, 55, 59, 65, 80, 91
текущий: 82, 89
телевизионный: 32
телевизор: 97
телефон: 60
телефония: 6
тело: 59
тем: 25, 34, 50, 56, 73, 82, 93, 94
тема: 24, 28, 29, 32, 33, 4, 40, 52, 57, 66, 9
тематика: 56
тематический: 55, 99
темп: 56
тест: 81
тестирование: 73, 80, 82
тестировать: 83
тестовый: 82
техника: 66, 97
технически: 46
технический: 1, 10, 100, 11, 12, 13, 14, 15, 16, 17, 18, 19, 2, 20, 21, 22, 23, 24, 25, 26, 27, 28, 29, 3, 30, 31, 32, 33, 34, 35, 36, 37, 38, 39, 4, 40, 41, 42, 43, 44, 45, 46, 47, 48, 49, 5, 50, 51, 52, 53, 54, 55, 56, 57, 58, 59, 6, 60, 61, 62, 63, 64, 65, 66, 67, 68, 69, 7, 70, 71, 72, 73, 74, 75, 76, 77, 78, 79, 8, 80, 81, 82, 83, 84, 85, 86, 87, 88, 89, 9, 90, 91, 92, 93, 94, 95, 96, 97, 98, 99
технология: 4, 42, 50
течение: 77
тинэйджер: 32
тип: 58, 79
титов: 5, 6
ткнуть: 46
товар: 97
товарищ: 62, 74
товарооборот: 97
тонкость: 56
топ: 53, 74
торговля: 22
тот: 21, 22, 25, 29, 32, 33, 34, 35, 48, 51, 55, 73, 77, 79, 80, 88, 94
точечный: 34
точка: 53
точнее: 35
точно: 99
точность: 21
точный: 55
транслировать: 11, 91
трансляция: 4
трафи: 21
трафик: 20, 21, 34, 39, 55, 73
траффик: 39
тред: 28, 29, 32, 77
трейд: 97
трекбек: 20
тренд: 32, 33, 53
трендсеттер: 34
третий: 32, 9
три: 1, 10, 100, 11, 12, 13, 14, 15, 16, 17, 18, 19, 2, 20, 21, 22, 23, 24, 25, 26, 27, 28, 29, 3, 30, 31, 32, 33, 34, 35, 36, 37, 38, 39, 4, 40, 41, 42, 43, 44, 45, 46, 47, 48, 49, 5, 50, 51, 52, 53, 54, 55, 56, 57, 58, 59, 6, 60, 61, 62, 63, 64, 65, 66, 67, 68, 69, 7, 70, 71, 72, 73, 74, 75, 76, 77, 78, 79, 8, 80, 81, 82, 83, 84, 85, 86, 87, 88, 89, 9, 90, 91, 92, 93, 94, 95, 96, 97, 98, 99
тридцать: 32
триз: 55
тропа: 55
трудно: 7
трудность: 50
трудный: 2
трёхмерный: 40
туда: 32, 36, 9
тусовка: 1, 10, 100, 11, 12, 13, 14, 15, 16, 17, 18, 19, 2, 20, 21, 22, 23, 24, 25, 26, 27, 28, 29, 3, 30, 31, 32, 33, 34, 35, 36, 37, 38, 39, 4, 40, 41, 42, 43, 44, 45, 46, 47, 48, 49, 5, 50, 51, 52, 53, 54, 55, 56, 57, 58, 59, 6, 60, 61, 62, 63, 64, 65, 66, 67, 68, 69, 7, 70, 71, 72, 73, 74, 75, 76, 77, 78, 79, 8, 80, 81, 82, 83, 84, 85, 86, 87, 88, 89, 9, 90, 91, 92, 93, 94, 95, 96, 97, 98, 99
тусовочный: 56
тысяча: 48
тэг: 14, 36, 55, 69
тяжёлый: 36
тёмный: 73
убеждение: 48, 66
убить: 25, 64
уважаемый: 42
уведомление: 49, 79
увеличиваться: 74
увеличить: 20, 74, 84
уверенно: 46
уверенный: 29, 5
уверить: 33
увидеть: 53, 91
удаление: 67, 7
удалить: 67, 7
удар: 73
удержание: 56
удерживать: 1, 10, 100, 11, 12, 13, 14, 15, 16, 17, 18, 19, 2, 20, 21, 22, 23, 24, 25, 26, 27, 28, 29, 3, 30, 31, 32, 33, 34, 35, 36, 37, 38, 39, 4, 40, 41, 42, 43, 44, 45, 46, 47, 48, 49, 5, 50, 51, 52, 53, 54, 55, 56, 57, 58, 59, 6, 60, 61, 62, 63, 64, 65, 66, 67, 68, 69, 7, 70, 71, 72, 73, 74, 75, 76, 77, 78, 79, 8, 80, 81, 82, 83, 84, 85, 86, 87, 88, 89, 9, 90, 91, 92, 93, 94, 95, 96, 97, 98, 99
удивительно: 22
удивительный: 94
удивляться: 94
удобно: 35, 36, 58
удобный: 17, 23, 35, 83
удовольствие: 48, 52
уезжать: 57
ужастъ: 36
ужесточать: 73
узкий: 29, 33
узко: 34
узнавать: 20
узнать: 11, 24, 27, 66
уйти: 91
указание: 24, 33
указать: 27, 59
укладываться: 46
украина: 53
улендеев: 21
улучшение: 58
улучшить: 84
ульянов: 25, 29, 32, 33, 34, 52, 57
ульяновский: 1, 10, 100, 11, 12, 13, 14, 15, 16, 17, 18, 19, 2, 20, 21, 22, 23, 24, 25, 26, 27, 28, 29, 3, 30, 31, 32, 33, 34, 35, 36, 37, 38, 39, 4, 40, 41, 42, 43, 44, 45, 46, 47, 48, 49, 5, 50, 51, 52, 53, 54, 55, 56, 57, 58, 59, 6, 60, 61, 62, 63, 64, 65, 66, 67, 68, 69, 7, 70, 71, 72, 73, 74, 75, 76, 77, 78, 79, 8, 80, 81, 82, 83, 84, 85, 86, 87, 88, 89, 9, 90, 91, 92, 93, 94, 95, 96, 97, 98, 99
уменьшаться: 74
уменьшить: 74
уменьшиться: 22
уместный: 35
уметь: 21
умничанье: 33
умно: 34
умный: 28
умолчание: 99
универсальный: 55
упаковка: 32
упорядочивание: 46
управление: 66
управлять: 1, 10, 100, 11, 12, 13, 14, 15, 16, 17, 18, 19, 2, 20, 21, 22, 23, 24, 25, 26, 27, 28, 29, 3, 30, 31, 32, 33, 34, 35, 36, 37, 38, 39, 4, 40, 41, 42, 43, 44, 45, 46, 47, 48, 49, 5, 50, 51, 52, 53, 54, 55, 56, 57, 58, 59, 6, 60, 61, 62, 63, 64, 65, 66, 67, 68, 69, 7, 70, 71, 72, 73, 74, 75, 76, 77, 78, 79, 8, 80, 81, 82, 83, 84, 85, 86, 87, 88, 89, 9, 90, 91, 92, 93, 94, 95, 96, 97, 98, 99
ура: 80
уровень: 99
усилить: 48
условие: 29, 36, 39, 55, 73
услуга: 1, 10, 100, 11, 12, 13, 14, 15, 16, 17, 18, 19, 2, 20, 21, 22, 23, 24, 25, 26, 27, 28, 29, 3, 30, 31, 32, 33, 34, 35, 36, 37, 38, 39, 4, 40, 41, 42, 43, 44, 45, 46, 47, 48, 49, 5, 50, 51, 52, 53, 54, 55, 56, 57, 58, 59, 6, 60, 61, 62, 63, 64, 65, 66, 67, 68, 69, 7, 70, 71, 72, 73, 74, 75, 76, 77, 78, 79, 8, 80, 81, 82, 83, 84, 85, 86, 87, 88, 89, 9, 90, 91, 92, 93, 94, 95, 96, 97, 98, 99
услышать: 55, 70, 71
успеть: 25
успех: 30, 33
успешно: 32
успешный: 56
уста: 55
установить: 48
устраивать: 32
устранить: 84
устройство: 1, 10, 100, 11, 12, 13, 14, 15, 16, 17, 18, 19, 2, 20, 21, 22, 23, 24, 25, 26, 27, 28, 29, 3, 30, 31, 32, 33, 34, 35, 36, 37, 38, 39, 4, 40, 41, 42, 43, 44, 45, 46, 47, 48, 49, 5, 50, 51, 52, 53, 54, 55, 56, 57, 58, 59, 6, 60, 61, 62, 63, 64, 65, 66, 67, 68, 69, 7, 70, 71, 72, 73, 74, 75, 76, 77, 78, 79, 8, 80, 81, 82, 83, 84, 85, 86, 87, 88, 89, 9, 90, 91, 92, 93, 94, 95, 96, 97, 98, 99
утверждение: 21
утопичный: 55
утро: 64, 87, 95
утром: 88
утяжеляться: 55
уфа: 53
участвовать: 21, 48
участие: 48, 56
участник: 34, 44, 48, 99
учитывать: 73
учитываться: 44, 74
учить: 24
файл: 55
файлик: 55
факт: 48, 52
фантазия: 30
февраль: 1, 10, 100, 11, 12, 13, 14, 15, 16, 17, 18, 19, 2, 20, 21, 22, 23, 24, 25, 26, 27, 28, 29, 3, 30, 31, 32, 33, 34, 35, 36, 37, 38, 39, 4, 40, 41, 42, 43, 44, 45, 46, 47, 48, 49, 5, 50, 51, 52, 53, 54, 55, 56, 57, 58, 59, 6, 60, 61, 62, 63, 64, 65, 66, 67, 68, 69, 7, 70, 71, 72, 73, 74, 75, 76, 77, 78, 79, 8, 80, 81, 82, 83, 84, 85, 86, 87, 88, 89, 9, 90, 91, 92, 93, 94, 95, 96, 97, 98, 99
фетишист: 42
фид: 73
фидбек: 82
филипп: 56
финансы: 34
фича: 60, 78
флаг: 90
флеймера: 74
фокусировка: 32, 33, 34
форма: 28, 36, 40, 48, 83
формат: 50, 61, 84
формирование: 9
формировать: 9
форум: 69
фото: 30
фотографировать: 57
френд: 32, 34
фриспич: 64
функционал: 33
функциональность: 28, 36
функция: 28, 55, 74, 99
фёдор: 80
хаба: 1, 10, 100, 11, 12, 13, 14, 15, 16, 17, 18, 19, 2, 20, 21, 22, 23, 24, 25, 26, 27, 28, 29, 3, 30, 31, 32, 33, 34, 35, 36, 37, 38, 39, 4, 40, 41, 42, 43, 44, 45, 46, 47, 48, 49, 5, 50, 51, 52, 53, 54, 55, 56, 57, 58, 59, 6, 60, 61, 62, 63, 64, 65, 66, 67, 68, 69, 7, 70, 71, 72, 73, 74, 75, 76, 77, 78, 79, 8, 80, 81, 82, 83, 84, 85, 86, 87, 88, 89, 9, 90, 91, 92, 93, 94, 95, 96, 97, 98, 99
хабра: 1, 10, 100, 11, 12, 13, 14, 15, 16, 17, 18, 19, 2, 20, 21, 22, 23, 24, 25, 26, 27, 28, 29, 3, 30, 31, 32, 33, 34, 35, 36, 37, 38, 39, 4, 40, 41, 42, 43, 44, 45, 46, 47, 48, 49, 5, 50, 51, 52, 53, 54, 55, 56, 57, 58, 59, 6, 60, 61, 62, 63, 64, 65, 66, 67, 68, 69, 7, 70, 71, 72, 73, 74, 75, 76, 77, 78, 79, 8, 80, 81, 82, 83, 84, 85, 86, 87, 88, 89, 9, 90, 91, 92, 93, 94, 95, 96, 97, 98, 99
хабравойна: 75
хабраперл: 42
хабратред: 26, 36, 99
хабратредстартер: 26
хабрахаб: 1
хабрахабра: 1, 10, 11, 14, 16, 17, 18, 2, 20, 23, 26, 29, 35, 36, 4, 42, 45, 65, 75, 76, 78, 80, 91, 92, 99
хабриэлла: 72
хабриэль: 72
хайвей: 100
хакер: 48
хаос: 89
характеризовать: 53
хватать: 48, 83
хекслёт: 1, 10, 100, 11, 12, 13, 14, 15, 16, 17, 18, 19, 2, 20, 21, 22, 23, 24, 25, 26, 27, 28, 29, 3, 30, 31, 32, 33, 34, 35, 36, 37, 38, 39, 4, 40, 41, 42, 43, 44, 45, 46, 47, 48, 49, 5, 50, 51, 52, 53, 54, 55, 56, 57, 58, 59, 6, 60, 61, 62, 63, 64, 65, 66, 67, 68, 69, 7, 70, 71, 72, 73, 74, 75, 76, 77, 78, 79, 8, 80, 81, 82, 83, 84, 85, 86, 87, 88, 89, 9, 90, 91, 92, 93, 94, 95, 96, 97, 98, 99
ход: 48
ходить: 90
холдинг: 21
холодильник: 97
хороший: 1, 10, 100, 11, 12, 13, 14, 15, 16, 17, 18, 19, 2, 20, 21, 22, 23, 24, 25, 26, 27, 28, 29, 3, 30, 31, 32, 33, 34, 35, 36, 37, 38, 39, 4, 40, 41, 42, 43, 44, 45, 46, 47, 48, 49, 5, 50, 51, 52, 53, 54, 55, 56, 57, 58, 59, 6, 60, 61, 62, 63, 64, 65, 66, 67, 68, 69, 7, 70, 71, 72, 73, 74, 75, 76, 77, 78, 79, 8, 80, 81, 82, 83, 84, 85, 86, 87, 88, 89, 9, 90, 91, 92, 93, 94, 95, 96, 97, 98, 99
хорошо: 34, 50
хостинг: 100
хотеть: 24, 27, 28, 29, 34, 35, 37, 40, 52, 55, 64, 92, 93
хотеться: 24, 27, 28, 33, 40, 66, 76
хоть: 64, 65
хотя: 14, 25, 29, 46, 80, 82
хотяб: 61
хранить: 24
хрыч: 93
хуан: 13, 86, 96
художник: 32
цель: 48
цена: 55
ценить: 55
цент: 21
центр: 100
центричный: 1, 10, 100, 11, 12, 13, 14, 15, 16, 17, 18, 19, 2, 20, 21, 22, 23, 24, 25, 26, 27, 28, 29, 3, 30, 31, 32, 33, 34, 35, 36, 37, 38, 39, 4, 40, 41, 42, 43, 44, 45, 46, 47, 48, 49, 5, 50, 51, 52, 53, 54, 55, 56, 57, 58, 59, 6, 60, 61, 62, 63, 64, 65, 66, 67, 68, 69, 7, 70, 71, 72, 73, 74, 75, 76, 77, 78, 79, 8, 80, 81, 82, 83, 84, 85, 86, 87, 88, 89, 9, 90, 91, 92, 93, 94, 95, 96, 97, 98, 99
цеплять: 40
цитировать: 24
цифра: 19, 39, 9, 97
цифровой: 55
цнтить: 56
чаво: 1
чайник: 81
час: 46
частность: 66
часто: 1, 28, 34, 52, 64
частый: 11, 32
часть: 48, 50, 99
чекбокс: 5, 65
человек: 1, 10, 100, 11, 12, 13, 14, 15, 16, 17, 18, 19, 2, 20, 21, 22, 23, 24, 25, 26, 27, 28, 29, 3, 30, 31, 32, 33, 34, 35, 36, 37, 38, 39, 4, 40, 41, 42, 43, 44, 45, 46, 47, 48, 49, 5, 50, 51, 52, 53, 54, 55, 56, 57, 58, 59, 6, 60, 61, 62, 63, 64, 65, 66, 67, 68, 69, 7, 70, 71, 72, 73, 74, 75, 76, 77, 78, 79, 8, 80, 81, 82, 83, 84, 85, 86, 87, 88, 89, 9, 90, 91, 92, 93, 94, 95, 96, 97, 98, 99
человеческий: 46
честно: 40
четверо: 91
число: 34, 77
чистить: 59
чисто: 53
чистовый: 56
чистый: 12
читатель: 1, 20, 91, 92
читать: 11, 29, 52
чувак: 92
чудо: 66
чужой: 34, 52
чулан: 100, 12, 16, 21, 22, 23, 25, 27, 29, 3, 30, 32, 33, 34, 37, 39, 40, 46, 48, 53, 55, 56, 6, 61, 62, 64, 70, 71, 73, 81, 82, 83, 84, 85, 88, 9, 90, 94, 95, 96, 97
чёткий: 66
чётко: 56
шаг: 74
шагать: 66
шанс: 55
шар: 40
шестой: 32
шесть: 53
широкий: 48
широко: 50
шота: 27
шоу: 32, 34
шпионский: 48
штоль: 60
штука: 19, 47, 83
шустрый: 30
шутка: 32
экологический: 48
экс: 6
экскюзивный: 57
эксперт: 89
электроника: 97
электронный: 21, 22, 56, 97
элемент: 65
элитный: 73
эмоция: 28
энергетический: 34
эпизод: 25
эротика: 38
эротический: 30
этика: 96
этический: 48, 96
это: 11, 20, 23, 24, 25, 27, 28, 29, 30, 32, 35, 36, 40, 48, 5, 52, 55, 56, 65, 73, 74, 78, 80, 9, 91, 92, 99
этот: 100, 19, 23, 24, 27, 28, 29, 34, 35, 37, 40, 42, 46, 48, 53, 55, 56, 62, 64, 66, 81, 83, 87, 9
эфтаназия: 67
эффект: 55, 9
эффективно: 21
эффективность: 21, 32, 33, 48
эффективный: 21, 33
юзабельный: 35
юзабилить: 35, 36
юзер: 34, 73
юзибилистый: 56
юзибилить: 56
юноша: 34
юридический: 70, 71
юрий: 2, 56, 7, 88, 93
юрист: 70, 71
я: 66
явка: 39
являться: 23, 36, 46, 50, 56, 9, 97
явно: 22, 74
явный: 74
язык: 1, 10, 100, 11, 12, 13, 14, 15, 16, 17, 18, 19, 2, 20, 21, 22, 23, 24, 25, 26, 27, 28, 29, 3, 30, 31, 32, 33, 34, 35, 36, 37, 38, 39, 4, 40, 41, 42, 43, 44, 45, 46, 47, 48, 49, 5, 50, 51, 52, 53, 54, 55, 56, 57, 58, 59, 6, 60, 61, 62, 63, 64, 65, 66, 67, 68, 69, 7, 70, 71, 72, 73, 74, 75, 76, 77, 78, 79, 8, 80, 81, 82, 83, 84, 85, 86, 87, 88, 89, 9, 90, 91, 92, 93, 94, 95, 96, 97, 98, 99
январь: 82
яндекс: 1, 10, 100, 11, 12, 13, 14, 15, 16, 17, 18, 19, 2, 20, 21, 22, 23, 24, 25, 26, 27, 28, 29, 3, 30, 31, 32, 33, 34, 35, 36, 37, 38, 39, 4, 40, 41, 42, 43, 44, 45, 46, 47, 48, 49, 5, 50, 51, 52, 53, 54, 55, 56, 57, 58, 59, 6, 60, 61, 62, 63, 64, 65, 66, 67, 68, 69, 7, 70, 71, 72, 73, 74, 75, 76, 77, 78, 79, 8, 80, 81, 82, 83, 84, 85, 86, 87, 88, 89, 9, 90, 91, 92, 93, 94, 95, 96, 97, 98, 99
яндексоид: 89
ящик: 46
